0 ./data/voc_data/VOCdevkit/VOC2007/JPEGImages/000001.jpg 1280 720 0 659 47 710 295 1 549 516 574 531 1 533 563 563 579 1 572 607 600 627 1 657 628 688 653 1 748 617 782 634 1 800 577 831 597 1 794 532 822 553
1 ./data/voc_data/VOCdevkit/VOC2007/JPEGImages/000002.jpg 1280 720 0 669 53 720 297 1 757 498 783 516 1 803 530 833 550 1 810 577 841 595 1 763 619 792 639 1 672 631 706 650 1 585 605 611 625 1 542 561 574 579 1 555 515 588 535
2 ./data/voc_data/VOCdevkit/VOC2007/JPEGImages/000003.jpg 1280 720 1 696 485 725 501 1 765 499 792 519 1 816 534 846 555 1 818 575 851 599 1 772 620 800 642 1 680 631 711 655 1 593 609 625 631 1 550 563 582 584 1 569 516 599 537 0 686 52 733 296
3 ./data/voc_data/VOCdevkit/VOC2007/JPEGImages/000004.jpg 1280 720 0 702 54 754 296 1 710 483 734 502 1 779 499 807 520 1 827 531 858 554 1 840 578 868 603 1 790 619 822 642 1 697 631 730 651 1 609 608 637 627 1 567 565 593 584 1 586 517 613 534 1 635 490 663 508
4 ./data/voc_data/VOCdevkit/VOC2007/JPEGImages/000005.jpg 1280 720 1 733 484 756 503 1 801 501 831 519 1 855 535 887 559 1 864 582 895 599 1 818 624 847 644 1 727 637 756 655 1 634 608 667 629 1 591 564 622 582 1 606 515 633 534 0 732 50 782 297
5 ./data/voc_data/VOCdevkit/VOC2007/JPEGImages/000006.jpg 1280 720 0 735 53 783 294 1 869 581 896 599 1 854 531 878 549 1 818 621 845 638 1 727 631 758 654 1 638 608 669 627 1 589 563 620 582 1 606 516 635 536 1 799 498 830 516 1 728 484 754 500
6 ./data/voc_data/VOCdevkit/VOC2007/JPEGImages/000007.jpg 1280 720 0 760 49 805 294 1 872 537 898 553 1 886 582 914 603 1 839 626 866 642 1 746 637 778 652 1 655 611 685 626 1 608 566 639 582 1 621 517 650 537 1 818 500 842 517
7 ./data/voc_data/VOCdevkit/VOC2007/JPEGImages/000008.jpg 1280 720 0 773 52 824 294 1 885 537 914 555 1 900 583 926 599 1 853 623 883 643 1 761 636 791 654 1 673 611 700 625 1 624 566 654 578 1 632 522 660 535 1 833 500 855 518
8 ./data/voc_data/VOCdevkit/VOC2007/JPEGImages/000009.jpg 1280 720 1 886 537 913 554 1 900 579 930 598 1 855 623 890 640 1 769 635 801 653 1 674 612 707 627 1 626 566 655 579 1 640 521 662 534 1 833 500 857 516 0 777 51 826 295
9 ./data/voc_data/VOCdevkit/VOC2007/JPEGImages/000010.jpg 1280 720 0 790 50 844 298 1 916 583 945 599 1 902 539 928 553 1 842 503 872 518 1 770 487 799 499 1 650 522 678 536 1 645 566 669 580 1 690 615 720 629 1 871 626 904 643 1 783 637 813 652
10 ./data/voc_data/VOCdevkit/VOC2007/JPEGImages/000011.jpg 1280 720 0 800 53 850 297 1 777 487 801 501 1 850 502 879 516 1 911 538 935 553 1 925 584 954 601 1 883 623 912 640 1 789 636 819 652 1 695 615 726 628 1 650 568 677 584 1 660 522 683 539
11 ./data/voc_data/VOCdevkit/VOC2007/JPEGImages/000012.jpg 1280 720 0 826 51 881 297 1 679 523 706 540 1 672 571 698 583 1 723 618 752 632 1 819 641 848 659 1 911 629 939 646 1 797 488 824 502 1 873 504 899 521 1 932 539 963 558 1 952 583 982 603
12 ./data/voc_data/VOCdevkit/VOC2007/JPEGImages/000013.jpg 1280 720 1 894 505 914 521 1 952 543 979 558 1 971 588 996 603 1 933 632 962 646 1 840 644 869 660 1 747 620 778 633 1 691 573 718 585 1 698 524 721 539 0 846 53 904 298
13 ./data/voc_data/VOCdevkit/VOC2007/JPEGImages/000014.jpg 1280 720 0 859 60 921 298 1 962 541 990 557 1 983 589 1013 607 1 947 631 973 650 1 854 644 884 659 1 758 618 786 633 1 707 573 734 586 1 710 526 736 539 1 825 490 851 503 1 902 507 926 520
14 ./data/voc_data/VOCdevkit/VOC2007/JPEGImages/000015.jpg 1280 720 0 860 53 924 307 1 707 542 732 558 1 703 592 729 607 1 759 642 788 658 1 858 670 888 685 1 952 654 981 672 1 989 609 1019 629 1 968 559 996 577 1 904 521 930 537 1 825 505 852 519
15 ./data/voc_data/VOCdevkit/VOC2007/JPEGImages/000016.jpg 1280 720 0 829 52 888 305 1 678 542 705 557 1 674 594 702 606 1 725 641 756 657 1 822 668 853 686 1 916 654 945 674 1 956 609 988 628 1 937 559 966 575 1 879 520 905 539 1 798 503 825 520
16 ./data/voc_data/VOCdevkit/VOC2007/JPEGImages/000017.jpg 1280 720 0 813 53 870 306 1 667 541 690 555 1 659 591 686 607 1 709 641 735 656 1 803 668 833 687 1 900 655 930 674 1 946 612 973 629 1 927 562 952 577 1 868 520 893 537 1 791 503 816 520
17 ./data/voc_data/VOCdevkit/VOC2007/JPEGImages/000018.jpg 1280 720 1 740 497 760 512 1 812 511 836 527 1 871 552 893 566 1 878 597 908 613 1 832 643 863 660 1 739 657 773 673 1 646 629 674 645 1 603 582 627 596 1 611 533 639 546 0 751 54 795 300
18 ./data/voc_data/VOCdevkit/VOC2007/JPEGImages/000019.jpg 1280 720 0 726 51 773 299 1 578 580 608 593 1 621 628 655 641 1 717 651 749 670 1 808 641 842 657 1 860 596 890 614 1 848 549 874 566 1 794 511 819 527 1 717 493 742 511 1 592 532 619 548
19 ./data/voc_data/VOCdevkit/VOC2007/JPEGImages/000020.jpg 1280 720 0 712 54 752 302 1 835 545 860 563 1 840 594 871 612 1 792 637 825 654 1 699 651 729 668 1 608 626 633 641 1 564 577 591 595 1 579 528 603 549 1 636 500 658 515 1 781 508 803 526 1 707 492 730 508
20 ./data/voc_data/VOCdevkit/VOC2007/JPEGImages/000021.jpg 1280 720 0 690 52 730 306 1 824 605 851 624 1 815 556 839 574 1 763 521 791 536 1 689 505 715 520 1 539 589 567 604 1 588 641 614 655 1 772 654 800 670 1 675 667 705 683 1 557 541 583 557
21 ./data/voc_data/VOCdevkit/VOC2007/JPEGImages/000022.jpg 1280 720 0 676 51 717 304 1 549 535 576 553 1 681 498 704 513 1 752 514 778 531 1 805 552 834 567 1 813 599 841 617 1 756 642 791 664 1 666 658 695 676 1 573 632 603 651 1 529 586 561 602
22 ./data/voc_data/VOCdevkit/VOC2007/JPEGImages/000023.jpg 1280 720 0 657 51 705 303 1 795 552 821 569 1 800 601 828 619 1 749 644 778 665 1 650 656 681 675 1 561 630 590 648 1 523 581 551 599 1 541 535 566 551 1 743 512 770 528
23 ./data/voc_data/VOCdevkit/VOC2007/JPEGImages/000024.jpg 1280 720 1 499 579 525 594 1 540 627 568 645 1 627 654 655 670 1 723 640 751 656 1 778 596 806 614 1 773 548 799 568 1 723 509 746 526 1 521 534 547 549 1 654 494 678 509 0 631 50 679 302
24 ./data/voc_data/VOCdevkit/VOC2007/JPEGImages/000025.jpg 1280 720 0 661 52 706 302 1 796 548 826 565 1 800 593 831 615 1 748 638 778 659 1 652 653 683 672 1 562 627 593 645 1 525 579 553 599 1 747 508 770 526 1 542 529 570 546 1 674 491 699 509
25 ./data/voc_data/VOCdevkit/VOC2007/JPEGImages/000026.jpg 1280 720 0 646 50 688 294 1 781 534 807 551 1 786 579 813 597 1 732 622 763 638 1 639 633 669 649 1 553 609 580 625 1 517 563 541 576 1 535 519 560 532 1 733 499 758 516 1 662 481 688 499
26 ./data/voc_data/VOCdevkit/VOC2007/JPEGImages/000027.jpg 1280 720 0 660 50 702 290 1 792 532 815 549 1 797 577 823 592 1 652 630 678 648 1 745 616 775 637 1 565 606 593 620 1 520 562 552 577 1 542 517 569 532 1 738 496 765 514 1 669 481 697 500
27 ./data/voc_data/VOCdevkit/VOC2007/JPEGImages/000028.jpg 1280 720 1 800 532 828 547 1 753 496 776 511 1 809 577 834 593 1 538 560 565 577 1 582 604 613 620 1 665 629 696 645 1 758 614 787 635 1 556 517 583 533 1 681 482 705 497 0 674 51 718 293
28 ./data/voc_data/VOCdevkit/VOC2007/JPEGImages/000029.jpg 1280 720 0 711 54 754 293 1 832 532 856 551 1 840 577 865 596 1 792 618 820 635 1 699 630 730 646 1 611 606 638 621 1 567 562 597 576 1 582 515 612 531 1 779 496 805 513 1 704 483 731 499
29 ./data/voc_data/VOCdevkit/VOC2007/JPEGImages/000030.jpg 1280 720 0 732 52 778 290 1 603 514 629 529 1 590 560 615 573 1 635 604 660 618 1 722 626 756 647 1 812 613 842 632 1 858 572 886 593 1 848 528 875 545 1 795 493 822 509 1 724 480 749 494
30 ./data/voc_data/VOCdevkit/VOC2007/JPEGImages/000031.jpg 1280 720 0 741 52 787 290 1 867 574 893 590 1 856 530 882 547 1 822 615 848 630 1 730 628 760 643 1 643 604 671 619 1 597 558 625 574 1 609 515 635 529 1 806 496 830 509
31 ./data/voc_data/VOCdevkit/VOC2007/JPEGImages/000032.jpg 1280 720 0 760 50 810 291 1 819 495 847 511 1 874 531 901 548 1 888 576 916 593 1 838 615 868 633 1 751 628 780 644 1 665 603 691 620 1 618 559 642 573 1 629 514 654 530
32 ./data/voc_data/VOCdevkit/VOC2007/JPEGImages/000033.jpg 1280 720 1 637 556 664 574 1 684 602 710 619 1 773 627 802 646 1 863 615 889 635 1 909 576 935 595 1 895 529 920 550 1 838 493 863 512 1 768 480 791 495 1 645 514 672 529 0 783 53 833 292
33 ./data/voc_data/VOCdevkit/VOC2007/JPEGImages/000034.jpg 1280 720 0 790 52 841 290 1 872 614 898 632 1 914 575 940 593 1 900 530 925 549 1 782 627 809 643 1 691 601 719 617 1 644 557 671 574 1 651 514 679 530 1 845 493 873 514
34 ./data/voc_data/VOCdevkit/VOC2007/JPEGImages/000035.jpg 1280 720 0 837 51 899 292 1 698 513 723 530 1 692 557 716 575 1 742 600 770 619 1 830 625 862 645 1 919 617 951 637 1 960 577 988 595 1 948 533 973 552 1 889 495 914 517 1 812 480 842 499
35 ./data/voc_data/VOCdevkit/VOC2007/JPEGImages/000036.jpg 1280 720 0 788 50 835 289 1 862 613 892 632 1 772 621 801 640 1 686 595 712 613 1 640 552 666 566 1 910 573 937 594 1 900 531 925 548 1 652 509 677 526 1 846 492 871 509 1 773 476 798 492
36 ./data/voc_data/VOCdevkit/VOC2007/JPEGImages/000037.jpg 1280 720 1 628 543 657 562 1 671 588 700 609 1 759 619 788 638 1 887 527 915 548 1 898 572 926 591 1 849 609 880 631 1 838 491 863 510 1 645 504 670 523 0 778 53 827 289
37 ./data/voc_data/VOCdevkit/VOC2007/JPEGImages/000038.jpg 1280 720 0 746 51 787 288 1 603 544 630 562 1 617 504 643 522 1 640 592 666 609 1 726 618 754 637 1 814 611 842 628 1 869 572 895 591 1 863 530 888 548 1 806 490 836 509
38 ./data/voc_data/VOCdevkit/VOC2007/JPEGImages/000039.jpg 1280 720 0 716 51 756 287 1 720 474 744 489 1 790 489 816 507 1 837 526 863 543 1 840 569 867 589 1 786 606 816 623 1 695 616 724 631 1 613 587 640 605 1 576 544 602 560 1 592 503 618 519
39 ./data/voc_data/VOCdevkit/VOC2007/JPEGImages/000040.jpg 1280 720 0 701 56 741 287 1 823 526 851 543 1 826 568 853 585 1 771 603 800 623 1 680 610 708 631 1 595 579 625 601 1 562 539 592 559 1 776 489 804 507 1 581 497 609 517 1 711 470 736 490
40 ./data/voc_data/VOCdevkit/VOC2007/JPEGImages/000041.jpg 1280 720 1 540 538 572 560 1 578 581 607 602 1 658 608 690 631 1 751 603 780 625 1 806 565 837 585 1 807 521 835 542 1 760 487 789 506 1 693 470 722 488 1 569 496 597 517 0 681 48 723 286
41 ./data/voc_data/VOCdevkit/VOC2007/JPEGImages/000042.jpg 1280 720 0 690 50 732 284 1 812 523 842 543 1 814 565 846 590 1 755 600 787 622 1 665 609 699 634 1 550 538 582 559 1 584 579 614 602 1 771 486 796 505 1 701 469 727 486 1 576 495 606 515
42 ./data/voc_data/VOCdevkit/VOC2007/JPEGImages/000043.jpg 1280 720 0 679 48 723 281 1 805 522 832 538 1 803 562 834 584 1 748 600 773 618 1 654 606 681 624 1 574 577 605 597 1 544 534 571 551 1 568 497 594 514 1 761 486 787 502
43 ./data/voc_data/VOCdevkit/VOC2007/JPEGImages/000044.jpg 1280 720 0 651 47 691 281 1 781 517 807 534 1 778 559 803 576 1 740 483 765 500 1 719 594 746 611 1 626 599 657 617 1 547 570 578 588 1 524 528 550 546 1 549 488 574 506 1 672 463 700 483
44 ./data/voc_data/VOCdevkit/VOC2007/JPEGImages/000045.jpg 1280 720 0 821 48 872 284 1 932 566 964 586 1 928 524 957 546 1 875 485 903 508 1 887 603 914 624 1 795 605 825 625 1 709 578 739 599 1 667 534 695 552 1 684 495 709 513
45 ./data/voc_data/VOCdevkit/VOC2007/JPEGImages/000046.jpg 1280 720 0 791 52 841 298 1 911 589 944 608 1 858 630 890 652 1 767 634 798 656 1 677 604 711 626 1 637 557 669 579 1 654 514 683 534 1 903 543 934 561 1 852 504 881 523 1 710 493 733 508
46 ./data/voc_data/VOCdevkit/VOC2007/JPEGImages/000047.jpg 1280 720 0 743 50 787 288 1 864 565 893 586 1 856 522 889 542 1 813 602 847 623 1 601 538 629 558 1 641 583 673 603 1 724 611 754 629 1 617 500 644 519 1 809 489 836 506
47 ./data/voc_data/VOCdevkit/VOC2007/JPEGImages/000048.jpg 1280 720 0 768 48 811 285 1 887 567 914 587 1 881 526 908 542 1 841 607 867 624 1 750 613 777 632 1 664 587 691 607 1 621 540 650 560 1 639 503 663 521 1 760 471 782 490 1 826 485 853 508
48 ./data/voc_data/VOCdevkit/VOC2007/JPEGImages/000049.jpg 1280 720 0 782 52 828 287 1 892 527 916 545 1 903 567 928 587 1 859 606 886 626 1 766 615 801 635 1 679 587 709 607 1 629 544 666 564 1 841 491 866 510 1 649 503 677 522
49 ./data/voc_data/VOCdevkit/VOC2007/JPEGImages/000050.jpg 1280 720 0 837 53 893 289 1 945 531 972 550 1 957 576 988 594 1 916 612 945 631 1 822 622 854 642 1 734 597 762 616 1 685 552 714 568 1 697 509 722 526 1 883 492 913 512
50 ./data/voc_data/VOCdevkit/VOC2007/JPEGImages/000051.jpg 1280 720 0 799 52 849 292 1 910 538 937 557 1 920 581 948 601 1 872 622 904 640 1 781 631 813 650 1 691 604 723 624 1 648 556 678 577 1 660 516 686 532 1 853 499 882 518 1 780 480 808 498
51 ./data/voc_data/VOCdevkit/VOC2007/JPEGImages/000052.jpg 1280 720 0 763 52 809 292 1 632 511 655 532 1 612 554 645 574 1 654 602 681 619 1 742 628 774 648 1 836 622 867 640 1 885 579 915 598 1 878 534 903 554 1 827 498 852 517 1 754 480 780 498
52 ./data/voc_data/VOCdevkit/VOC2007/JPEGImages/000053.jpg 1280 720 0 736 52 781 292 1 860 537 886 558 1 864 587 893 606 1 814 630 843 649 1 722 639 751 659 1 628 609 660 632 1 587 562 619 585 1 608 519 635 539 1 807 501 835 522 1 732 485 760 504
53 ./data/voc_data/VOCdevkit/VOC2007/JPEGImages/000054.jpg 1280 720 0 725 53 765 298 1 850 591 880 614 1 843 544 875 566 1 792 506 822 528 1 796 634 830 654 1 702 645 733 667 1 614 616 643 638 1 573 569 604 591 1 592 524 620 542 1 716 489 744 511
54 ./data/voc_data/VOCdevkit/VOC2007/JPEGImages/000055.jpg 1280 720 0 715 49 760 296 1 836 541 864 562 1 842 585 870 607 1 788 628 818 647 1 695 636 729 659 1 600 610 633 631 1 568 560 597 582 1 584 518 618 538 1 784 502 813 523 1 714 485 742 504
55 ./data/voc_data/VOCdevkit/VOC2007/JPEGImages/000056.jpg 1280 720 0 695 52 732 292 1 821 579 854 604 1 814 537 845 555 1 765 623 796 642 1 672 633 707 651 1 588 606 616 623 1 571 515 597 534 1 548 559 576 577 1 770 502 796 519
56 ./data/voc_data/VOCdevkit/VOC2007/JPEGImages/000057.jpg 1280 720 0 678 48 715 292 1 803 533 832 552 1 805 580 835 600 1 751 620 781 639 1 655 630 685 649 1 568 602 597 622 1 536 555 566 577 1 556 510 585 531 1 754 498 783 517 1 684 482 715 500
57 ./data/voc_data/VOCdevkit/VOC2007/JPEGImages/000058.jpg 1280 720 0 661 49 696 290 1 787 576 819 601 1 732 616 764 639 1 787 533 819 553 1 632 623 668 648 1 551 596 588 624 1 513 550 546 576 1 543 508 573 529 1 740 495 769 514 1 670 479 699 499
58 ./data/voc_data/VOCdevkit/VOC2007/JPEGImages/000059.jpg 1280 720 0 647 49 684 286 1 774 574 806 596 1 714 613 748 633 1 622 620 658 641 1 541 595 573 615 1 772 531 803 551 1 508 552 540 571 1 530 507 562 529 1 661 476 689 495 1 731 490 758 512
59 ./data/voc_data/VOCdevkit/VOC2007/JPEGImages/000060.jpg 1280 720 0 726 51 766 296 1 847 585 878 610 1 843 538 870 561 1 794 625 823 646 1 704 634 732 657 1 613 606 647 630 1 575 559 604 582 1 598 515 625 537 1 790 500 821 525 1 722 481 752 502
60 ./data/voc_data/VOCdevkit/VOC2007/JPEGImages/000061.jpg 1280 720 0 749 51 794 289 1 872 574 898 594 1 863 532 888 549 1 824 614 850 631 1 732 623 761 641 1 646 594 676 614 1 603 552 633 571 1 617 509 648 528 1 814 496 841 512 1 741 480 766 496
61 ./data/voc_data/VOCdevkit/VOC2007/JPEGImages/000062.jpg 1280 720 0 776 49 821 291 1 898 577 927 596 1 851 617 881 637 1 886 533 914 552 1 760 628 795 649 1 670 601 701 620 1 834 496 859 514 1 627 555 659 575 1 639 511 667 531 1 763 480 787 498
62 ./data/voc_data/VOCdevkit/VOC2007/JPEGImages/000063.jpg 1280 720 0 771 54 818 295 1 895 578 924 600 1 846 620 879 639 1 885 534 912 554 1 756 632 788 651 1 666 602 697 624 1 622 559 654 576 1 633 513 664 533 1 830 499 856 520 1 762 481 786 500
63 ./data/voc_data/VOCdevkit/VOC2007/JPEGImages/000064.jpg 1280 720 0 814 53 861 289 1 933 570 963 590 1 920 526 948 545 1 890 611 917 629 1 799 619 829 638 1 711 594 739 614 1 665 548 690 568 1 674 508 703 527 1 866 491 894 510 1 792 473 820 493
64 ./data/voc_data/VOCdevkit/VOC2007/JPEGImages/000065.jpg 1280 720 0 843 56 895 289 1 965 569 994 593 1 918 608 950 631 1 949 526 975 552 1 887 490 923 510 1 829 615 863 639 1 739 591 772 614 1 692 547 723 571 1 703 505 728 527 1 815 474 846 494
65 ./data/voc_data/VOCdevkit/VOC2007/JPEGImages/000066.jpg 1280 720 0 894 52 955 293 1 1010 578 1044 602 1 968 617 1001 642 1 880 628 913 650 1 786 602 819 622 1 737 557 762 577 1 740 513 768 531 1 995 534 1024 556 1 934 498 961 519 1 861 482 886 500
66 ./data/voc_data/VOCdevkit/VOC2007/JPEGImages/000067.jpg 1280 720 0 760 52 809 292 1 886 575 916 594 1 873 530 902 550 1 823 493 848 514 1 840 616 870 634 1 751 629 782 646 1 663 603 691 621 1 616 556 647 576 1 622 512 651 530 1 747 478 775 496
67 ./data/voc_data/VOCdevkit/VOC2007/JPEGImages/000068.jpg 1280 720 0 767 52 817 297 1 895 588 926 611 1 851 633 883 654 1 883 541 911 562 1 828 505 856 525 1 764 645 797 667 1 661 617 696 639 1 611 569 647 591 1 622 524 656 547 1 751 486 780 508
68 ./data/voc_data/VOCdevkit/VOC2007/JPEGImages/000069.jpg 1280 720 0 763 52 813 301 1 891 591 924 616 1 847 637 879 660 1 752 649 787 673 1 658 623 694 646 1 872 542 906 567 1 606 575 641 599 1 621 527 649 548 1 818 506 849 531 1 743 490 778 515
69 ./data/voc_data/VOCdevkit/VOC2007/JPEGImages/000070.jpg 1280 720 0 730 49 778 295 1 854 569 885 595 1 811 618 841 640 1 845 525 876 551 1 792 492 821 512 1 718 624 750 648 1 627 605 659 629 1 717 480 750 501 1 594 515 630 535 1 582 559 619 578
70 ./data/voc_data/VOCdevkit/VOC2007/JPEGImages/000071.jpg 1280 720 0 727 50 768 282 1 847 554 876 572 1 840 511 868 532 1 804 591 833 612 1 717 605 748 624 1 628 579 661 601 1 589 538 623 562 1 598 498 629 517 1 789 478 814 498 1 717 466 741 485
71 ./data/voc_data/VOCdevkit/VOC2007/JPEGImages/000072.jpg 1280 720 0 683 48 718 283 1 803 556 838 575 1 798 513 826 532 1 756 593 788 617 1 666 604 703 627 1 583 581 613 602 1 543 541 577 562 1 558 499 586 519 1 750 481 777 502 1 681 465 709 486
72 ./data/voc_data/VOCdevkit/VOC2007/JPEGImages/000073.jpg 1280 720 0 818 52 872 283 1 939 568 969 589 1 926 526 952 546 1 894 609 925 629 1 809 616 840 637 1 720 591 751 611 1 673 549 699 567 1 679 506 707 525 1 870 491 897 509 1 801 475 826 493
73 ./data/voc_data/VOCdevkit/VOC2007/JPEGImages/000074.jpg 1280 720 0 796 48 848 285 1 917 566 948 587 1 902 525 934 546 1 851 489 880 509 1 871 608 905 628 1 785 619 815 636 1 695 593 724 611 1 647 547 677 565 1 658 506 687 524
74 ./data/voc_data/VOCdevkit/VOC2007/JPEGImages/000075.jpg 1280 720 0 833 53 885 287 1 953 569 986 591 1 935 525 964 545 1 912 609 940 630 1 823 618 850 639 1 733 593 758 612 1 684 548 711 564 1 691 503 717 521 1 879 490 910 510
75 ./data/voc_data/VOCdevkit/VOC2007/JPEGImages/000076.jpg 1280 720 0 809 46 858 285 1 926 566 954 585 1 883 603 914 623 1 914 524 944 544 1 794 613 828 635 1 860 488 886 508 1 703 585 736 607 1 659 540 690 564 1 668 501 699 520
76 ./data/voc_data/VOCdevkit/VOC2007/JPEGImages/000077.jpg 1280 720 0 748 50 794 280 1 866 554 902 578 1 857 512 889 537 1 821 593 856 619 1 734 603 768 626 1 643 574 683 600 1 603 532 639 558 1 614 494 653 520 1 804 479 840 501
77 ./data/voc_data/VOCdevkit/VOC2007/JPEGImages/000078.jpg 1280 720 0 754 52 801 292 1 743 622 778 647 1 834 611 867 634 1 875 569 912 594 1 652 594 686 622 1 605 554 638 579 1 618 510 649 531 1 866 524 896 551 1 813 490 844 514 1 738 475 773 500
78 ./data/voc_data/VOCdevkit/VOC2007/JPEGImages/000079.jpg 1280 720 0 796 52 847 289 1 918 571 949 593 1 872 610 906 634 1 901 525 937 552 1 845 488 876 512 1 783 623 821 646 1 693 595 730 620 1 643 550 679 573 1 653 507 688 531 1 776 476 802 500
79 ./data/voc_data/VOCdevkit/VOC2007/JPEGImages/000080.jpg 1280 720 0 739 49 781 284 1 726 604 763 630 1 814 598 849 620 1 860 559 889 582 1 850 516 880 537 1 596 542 630 563 1 642 584 672 605 1 607 501 638 522 1 794 483 826 505 1 726 470 756 493
80 ./data/voc_data/VOCdevkit/VOC2007/JPEGImages/000081.jpg 1280 720 0 733 51 775 277 1 595 525 626 548 1 635 564 669 589 1 718 589 754 613 1 804 577 838 601 1 849 542 881 563 1 840 502 874 526 1 791 472 820 493 1 607 487 634 510
81 ./data/voc_data/VOCdevkit/VOC2007/JPEGImages/000082.jpg 1280 720 0 721 49 759 276 1 600 484 625 504 1 588 522 617 545 1 626 563 655 585 1 707 585 738 608 1 789 576 824 599 1 837 540 868 564 1 829 498 862 523 1 781 468 813 491 1 711 455 744 478
82 ./data/voc_data/VOCdevkit/VOC2007/JPEGImages/000083.jpg 1280 720 0 772 49 818 287 1 639 495 666 521 1 628 540 659 563 1 673 581 704 604 1 756 606 793 631 1 849 594 880 620 1 891 556 924 583 1 879 515 909 538 1 825 484 854 506 1 755 469 787 491
83 ./data/voc_data/VOCdevkit/VOC2007/JPEGImages/000084.jpg 1280 720 0 835 51 886 282 1 684 537 713 561 1 730 581 762 605 1 818 607 853 630 1 906 596 937 620 1 950 560 981 587 1 935 519 965 544 1 884 485 910 506 1 804 467 839 491 1 690 498 720 518
84 ./data/voc_data/VOCdevkit/VOC2007/JPEGImages/000085.jpg 1280 720 0 788 50 837 282 1 653 494 680 516 1 644 535 674 557 1 693 577 722 598 1 774 602 807 624 1 862 590 893 612 1 905 553 935 575 1 892 512 923 533 1 841 480 867 499 1 769 464 799 487
85 ./data/voc_data/VOCdevkit/VOC2007/JPEGImages/000086.jpg 1280 720 0 739 51 785 280 1 843 500 875 524 1 856 540 890 567 1 815 582 848 606 1 733 594 764 616 1 650 572 680 596 1 601 528 631 551 1 611 492 640 515 1 791 469 827 493 1 725 459 761 478
86 ./data/voc_data/VOCdevkit/VOC2007/JPEGImages/000087.jpg 1280 720 0 750 52 795 279 1 619 492 650 515 1 607 534 643 555 1 656 569 691 596 1 743 595 778 619 1 826 583 862 606 1 869 543 903 570 1 856 504 888 529 1 804 475 831 497 1 733 461 768 483
87 ./data/voc_data/VOCdevkit/VOC2007/JPEGImages/000088.jpg 1280 720 0 846 51 899 280 1 702 491 732 512 1 698 530 729 554 1 745 573 778 596 1 833 599 865 623 1 920 585 953 609 1 960 550 992 577 1 942 508 972 532 1 887 475 915 500 1 820 461 856 484
88 ./data/voc_data/VOCdevkit/VOC2007/JPEGImages/000089.jpg 1280 720 0 740 52 783 279 1 733 592 764 614 1 817 579 845 599 1 860 545 890 565 1 846 503 878 523 1 648 569 680 593 1 602 529 631 553 1 612 489 640 509 1 792 471 820 492
89 ./data/voc_data/VOCdevkit/VOC2007/JPEGImages/000090.jpg 1280 720 0 712 50 750 278 1 788 577 817 597 1 832 538 861 560 1 822 500 850 518 1 706 588 734 607 1 625 569 649 587 1 579 529 606 550 1 591 488 617 508 1 771 469 798 489
90 ./data/voc_data/VOCdevkit/VOC2007/JPEGImages/000091.jpg 1280 720 0 784 51 830 275 1 897 535 928 558 1 852 571 883 593 1 886 499 913 519 1 767 579 802 604 1 685 558 717 580 1 639 522 671 541 1 653 484 681 501
91 ./data/voc_data/VOCdevkit/VOC2007/JPEGImages/000092.jpg 1280 720 0 722 48 758 270 1 602 471 631 492 1 591 510 618 530 1 631 547 660 568 1 711 564 741 586 1 795 558 822 579 1 836 524 866 545 1 827 486 856 504 1 782 456 805 473
92 ./data/voc_data/VOCdevkit/VOC2007/JPEGImages/000093.jpg 1280 720 0 841 51 890 281 1 697 492 729 515 1 692 534 721 557 1 740 574 775 603 1 830 599 860 623 1 913 591 944 616 1 956 555 985 579 1 940 510 970 538 1 883 479 911 501 1 813 465 838 484
93 ./data/voc_data/VOCdevkit/VOC2007/JPEGImages/000094.jpg 1280 720 0 800 53 848 287 1 659 504 687 525 1 654 547 685 567 1 704 591 733 614 1 794 617 823 637 1 877 606 910 628 1 920 562 952 586 1 903 522 935 541 1 848 488 877 509
94 ./data/voc_data/VOCdevkit/VOC2007/JPEGImages/000095.jpg 1280 720 0 768 49 813 291 1 877 523 905 545 1 891 567 920 590 1 846 611 875 634 1 758 617 791 644 1 671 594 700 619 1 622 552 654 569 1 630 508 657 529 1 823 489 852 512 1 750 475 781 498
95 ./data/voc_data/VOCdevkit/VOC2007/JPEGImages/000096.jpg 1280 720 0 791 52 842 291 1 896 523 926 548 1 912 567 940 590 1 873 610 903 630 1 783 621 813 641 1 694 595 720 615 1 643 554 670 571 1 652 509 680 529 1 843 489 869 509
96 ./data/voc_data/VOCdevkit/VOC2007/JPEGImages/000097.jpg 1280 720 0 824 56 875 285 1 871 490 898 509 1 927 524 954 545 1 943 567 969 587 1 899 608 930 628 1 814 616 841 637 1 723 594 753 614 1 671 549 704 569 1 678 507 708 526
97 ./data/voc_data/VOCdevkit/VOC2007/JPEGImages/000098.jpg 1280 720 0 850 55 902 285 1 926 612 954 632 1 967 570 997 595 1 953 527 977 550 1 835 621 866 642 1 893 492 921 513 1 745 596 777 616 1 698 551 728 571 1 707 508 732 525
98 ./data/voc_data/VOCdevkit/VOC2007/JPEGImages/000099.jpg 1280 720 0 838 53 894 292 1 808 480 835 500 1 882 497 911 519 1 942 531 971 552 1 961 578 992 602 1 919 619 950 644 1 828 630 859 652 1 737 607 765 625 1 682 560 713 579 1 691 515 719 536
99 ./data/voc_data/VOCdevkit/VOC2007/JPEGImages/000100.jpg 1280 720 0 784 51 835 291 1 645 514 672 533 1 637 553 664 575 1 687 598 717 622 1 777 623 807 645 1 867 612 897 636 1 910 572 941 593 1 894 526 923 550 1 836 490 867 513 1 766 476 794 499
100 ./data/voc_data/VOCdevkit/VOC2007/JPEGImages/000101.jpg 1280 720 0 889 53 949 294 1 735 513 760 532 1 727 559 759 580 1 776 604 811 625 1 874 633 906 654 1 965 625 999 648 1 1007 584 1036 604 1 987 538 1014 557 1 932 502 958 523 1 853 483 882 504
101 ./data/voc_data/VOCdevkit/VOC2007/JPEGImages/000102.jpg 1280 720 0 770 49 821 286 1 636 503 663 524 1 627 547 658 565 1 672 587 705 610 1 759 611 795 633 1 847 600 877 623 1 891 561 922 584 1 879 517 910 538 1 822 483 852 506 1 752 470 782 492
102 ./data/voc_data/VOCdevkit/VOC2007/JPEGImages/000103.jpg 1280 720 0 717 51 754 278 1 588 491 617 513 1 579 534 607 555 1 624 577 652 597 1 706 597 736 619 1 792 586 823 606 1 839 547 866 567 1 825 507 854 526 1 774 473 802 495 1 709 464 735 481
103 ./data/voc_data/VOCdevkit/VOC2007/JPEGImages/000104.jpg 1280 720 0 857 57 914 289 1 710 508 740 530 1 700 550 736 575 1 752 593 786 620 1 839 618 880 650 1 933 611 964 637 1 974 573 1008 595 1 959 530 987 552 1 902 495 929 516 1 826 476 855 498
104 ./data/voc_data/VOCdevkit/VOC2007/JPEGImages/000105.jpg 1280 720 0 798 55 843 290 1 656 508 684 531 1 646 551 679 571 1 696 593 726 617 1 786 619 818 643 1 872 609 902 633 1 917 569 948 593 1 900 524 929 546 1 847 491 877 514 1 776 475 804 496
105 ./data/voc_data/VOCdevkit/VOC2007/JPEGImages/000106.jpg 1280 720 0 719 86 769 304 1 627 449 650 469 1 588 485 611 504 1 590 533 614 553 1 636 574 659 596 1 713 591 738 612 1 784 570 811 592 1 815 526 841 545 1 799 481 823 499 1 752 449 775 466 1 688 438 709 455
106 ./data/voc_data/VOCdevkit/VOC2007/JPEGImages/000107.jpg 1280 720 0 688 78 731 298 1 600 447 624 463 1 662 433 687 451 1 724 442 748 462 1 771 476 796 494 1 787 521 810 540 1 752 565 777 587 1 680 583 706 606 1 606 567 630 587 1 557 526 582 548 1 561 480 587 500
107 ./data/voc_data/VOCdevkit/VOC2007/JPEGImages/000108.jpg 1280 720 0 648 73 690 294 1 697 438 717 455 1 742 469 765 487 1 754 514 777 532 1 718 556 744 577 1 644 571 673 599 1 566 556 597 584 1 523 518 552 542 1 527 475 556 497 1 569 439 591 457 1 632 427 653 444
108 ./data/voc_data/VOCdevkit/VOC2007/JPEGImages/000109.jpg 1280 720 0 623 71 657 281 1 612 423 635 439 1 676 433 698 450 1 722 467 749 485 1 733 508 755 529 1 694 553 720 575 1 622 573 651 593 1 545 558 574 578 1 502 517 532 539 1 510 472 537 490 1 551 437 580 455
109 ./data/voc_data/VOCdevkit/VOC2007/JPEGImages/000110.jpg 1280 720 0 607 68 640 286 1 602 423 626 440 1 664 430 688 450 1 709 464 733 483 1 722 506 747 527 1 682 551 707 569 1 608 570 637 591 1 529 555 562 576 1 489 514 519 535 1 497 470 522 487 1 539 436 561 452
110 ./data/voc_data/VOCdevkit/VOC2007/JPEGImages/000111.jpg 1280 720 0 594 63 625 283 1 528 432 551 450 1 487 465 513 483 1 475 510 505 534 1 520 549 546 575 1 592 568 620 590 1 669 547 697 569 1 705 504 731 525 1 697 460 727 479 1 655 430 678 446
111 ./data/voc_data/VOCdevkit/VOC2007/JPEGImages/000112.jpg 1280 720 0 577 65 609 281 1 639 426 665 444 1 683 460 707 478 1 689 501 719 527 1 650 542 680 563 1 580 562 607 583 1 505 547 533 571 1 464 510 495 532 1 473 463 499 484 1 514 430 538 447
112 ./data/voc_data/VOCdevkit/VOC2007/JPEGImages/000113.jpg 1280 720 1 555 414 576 432 1 614 423 637 442 1 658 456 682 473 1 665 498 689 519 1 624 538 649 561 1 552 562 581 580 1 479 547 505 569 1 437 506 463 528 1 447 464 472 478 1 492 427 512 443 0 535 61 572 275
113 ./data/voc_data/VOCdevkit/VOC2007/JPEGImages/000114.jpg 1280 720 0 495 56 535 274 1 465 426 486 443 1 419 461 440 478 1 409 510 435 527 1 444 545 469 566 1 517 560 546 582 1 589 540 618 560 1 634 495 656 516 1 630 455 654 470 1 587 421 610 441 1 527 412 548 430
114 ./data/voc_data/VOCdevkit/VOC2007/JPEGImages/000115.jpg 1280 720 0 454 56 492 275 1 496 409 519 429 1 559 420 581 439 1 596 450 623 469 1 601 496 624 514 1 562 534 586 555 1 482 556 508 578 1 408 543 434 566 1 371 504 398 525 1 388 459 411 479 1 432 422 457 445
115 ./data/voc_data/VOCdevkit/VOC2007/JPEGImages/000116.jpg 1280 720 0 416 53 452 275 1 470 407 496 426 1 531 419 553 436 1 569 450 592 467 1 572 493 595 512 1 528 535 553 555 1 451 557 479 576 1 379 542 405 563 1 342 505 371 524 1 357 458 378 476 1 404 424 429 442
116 ./data/voc_data/VOCdevkit/VOC2007/JPEGImages/000117.jpg 1280 720 0 374 51 415 266 1 439 406 463 426 1 502 415 522 434 1 537 447 562 466 1 541 489 567 510 1 493 532 519 555 1 414 552 446 575 1 340 540 369 563 1 309 502 336 523 1 326 460 350 475 1 374 424 397 442
117 ./data/voc_data/VOCdevkit/VOC2007/JPEGImages/000118.jpg 1280 720 0 340 50 384 269 1 350 423 377 440 1 302 456 326 475 1 283 501 311 523 1 314 544 341 563 1 385 560 413 578 1 467 535 493 554 1 516 489 538 510 1 514 447 543 466 1 478 417 504 434 1 418 409 443 428
118 ./data/voc_data/VOCdevkit/VOC2007/JPEGImages/000119.jpg 1280 720 0 306 54 361 265 1 330 420 358 437 1 280 453 306 476 1 261 502 288 524 1 293 540 319 562 1 363 551 393 573 1 440 528 469 550 1 490 487 516 506 1 493 444 520 463 1 458 414 480 430
119 ./data/voc_data/VOCdevkit/VOC2007/JPEGImages/000120.jpg 1280 720 0 295 50 341 268 1 384 406 411 425 1 445 413 472 431 1 481 444 504 463 1 481 487 504 506 1 429 526 455 551 1 351 551 377 575 1 279 541 305 562 1 248 503 270 524 1 267 456 291 475 1 320 422 341 438
120 ./data/voc_data/VOCdevkit/VOC2007/JPEGImages/000121.jpg 1280 720 0 261 45 321 262 1 242 454 270 472 1 225 500 254 521 1 252 540 281 562 1 327 552 353 576 1 405 527 435 548 1 459 485 485 503 1 460 442 486 463 1 422 414 449 430 1 365 406 390 422 1 300 420 323 438
121 ./data/voc_data/VOCdevkit/VOC2007/JPEGImages/000122.jpg 1280 720 0 249 48 308 264 1 288 420 309 438 1 236 455 260 471 1 211 500 239 518 1 240 538 270 557 1 312 551 343 572 1 396 526 421 549 1 441 483 472 506 1 450 442 475 463 1 417 414 442 431 1 353 404 380 423
122 ./data/voc_data/VOCdevkit/VOC2007/JPEGImages/000123.jpg 1280 720 0 218 46 280 259 1 210 453 237 472 1 189 498 214 520 1 218 538 247 557 1 289 551 317 572 1 371 526 398 549 1 422 483 448 505 1 425 440 454 460 1 397 412 419 427 1 332 401 358 421 1 266 420 293 437
123 ./data/voc_data/VOCdevkit/VOC2007/JPEGImages/000124.jpg 1280 720 0 192 51 260 261 1 250 419 278 442 1 317 401 342 419 1 378 411 402 430 1 411 440 435 460 1 406 482 430 505 1 354 527 380 548 1 269 551 297 571 1 200 538 226 562 1 173 500 199 521 1 193 454 220 474
124 ./data/voc_data/VOCdevkit/VOC2007/JPEGImages/000125.jpg 1280 720 0 171 50 236 262 1 231 418 257 437 1 181 452 208 471 1 152 499 178 522 1 181 537 209 559 1 249 550 278 572 1 332 525 359 548 1 383 482 411 502 1 395 439 418 459 1 360 410 384 428 1 302 403 325 422
125 ./data/voc_data/VOCdevkit/VOC2007/JPEGImages/000126.jpg 1280 720 0 141 49 217 262 1 131 501 164 520 1 159 540 189 563 1 230 549 261 573 1 311 526 344 549 1 370 480 400 501 1 375 440 404 460 1 344 409 368 429 1 282 401 310 423 1 216 420 239 436 1 159 456 192 475
126 ./data/voc_data/VOCdevkit/VOC2007/JPEGImages/000127.jpg 1280 720 0 127 45 198 264 1 143 453 170 471 1 117 501 145 524 1 140 540 171 565 1 211 547 244 573 1 297 525 326 548 1 352 483 380 501 1 361 440 386 459 1 328 410 355 427 1 272 404 293 421 1 199 419 225 440
127 ./data/voc_data/VOCdevkit/VOC2007/JPEGImages/000128.jpg 1280 720 0 300 37 352 253 1 325 408 347 425 1 272 437 297 457 1 254 484 280 504 1 288 524 313 544 1 359 534 382 554 1 435 512 462 532 1 481 471 507 492 1 484 430 509 447 1 448 403 469 418 1 388 392 409 410
128 ./data/voc_data/VOCdevkit/VOC2007/JPEGImages/000129.jpg 1280 720 0 329 41 379 253 1 343 408 361 426 1 289 440 317 459 1 274 487 299 505 1 309 524 334 542 1 377 535 404 554 1 459 514 482 534 1 504 472 528 491 1 504 432 526 450 1 469 403 491 420 1 409 392 433 410
129 ./data/voc_data/VOCdevkit/VOC2007/JPEGImages/000130.jpg 1280 720 0 346 40 391 251 1 356 406 378 424 1 304 438 330 457 1 288 482 317 503 1 325 522 349 542 1 394 533 421 554 1 470 511 496 530 1 518 468 543 488 1 516 429 540 445 1 480 399 501 418 1 423 390 443 408
130 ./data/voc_data/VOCdevkit/VOC2007/JPEGImages/000131.jpg 1280 720 0 391 32 434 250 1 389 403 409 420 1 451 386 476 407 1 514 396 535 412 1 551 426 571 446 1 552 469 576 487 1 510 506 534 529 1 431 527 461 550 1 359 517 389 540 1 329 481 354 501 1 342 439 364 455
131 ./data/voc_data/VOCdevkit/VOC2007/JPEGImages/000132.jpg 1280 720 0 433 32 465 240 1 414 401 439 417 1 365 432 390 451 1 357 475 381 499 1 389 510 416 533 1 461 523 487 546 1 538 505 561 526 1 580 464 606 482 1 578 425 602 443 1 537 395 559 413 1 478 388 501 405
132 ./data/voc_data/VOCdevkit/VOC2007/JPEGImages/000133.jpg 1280 720 0 445 31 482 242 1 425 399 449 417 1 381 431 403 451 1 367 478 393 497 1 404 515 428 533 1 475 527 500 546 1 549 507 577 525 1 590 466 617 485 1 589 425 612 442 1 551 394 574 412 1 489 387 514 404
133 ./data/voc_data/VOCdevkit/VOC2007/JPEGImages/000134.jpg 1280 720 0 457 34 499 240 1 438 396 457 414 1 392 429 418 449 1 379 472 405 496 1 415 510 445 530 1 486 521 516 543 1 560 503 587 524 1 606 466 628 483 1 598 423 622 442 1 562 395 586 409 1 499 384 526 401
134 ./data/voc_data/VOCdevkit/VOC2007/JPEGImages/000135.jpg 1280 720 0 472 29 511 242 1 445 396 472 415 1 399 428 424 447 1 389 473 414 492 1 425 510 454 531 1 497 523 525 545 1 570 503 596 524 1 613 465 643 487 1 609 424 631 441 1 570 391 594 412 1 508 385 531 402
135 ./data/voc_data/VOCdevkit/VOC2007/JPEGImages/000136.jpg 1280 720 0 485 30 528 239 1 459 395 480 415 1 414 429 438 450 1 405 471 430 492 1 440 510 466 532 1 510 523 537 542 1 585 505 612 524 1 627 465 652 484 1 624 422 646 440 1 580 394 606 411 1 522 382 546 399
136 ./data/voc_data/VOCdevkit/VOC2007/JPEGImages/000137.jpg 1280 720 0 507 23 551 239 1 474 395 494 412 1 426 429 453 445 1 418 470 444 491 1 455 509 486 527 1 528 519 555 541 1 602 501 627 522 1 644 464 666 481 1 637 421 662 439 1 598 393 620 408 1 535 383 558 400
137 ./data/voc_data/VOCdevkit/VOC2007/JPEGImages/000138.jpg 1280 720 0 531 21 570 242 1 489 395 512 411 1 445 427 472 445 1 437 467 461 491 1 475 510 501 529 1 545 525 575 542 1 617 502 644 524 1 658 460 684 483 1 650 421 675 440 1 613 392 634 408 1 549 384 573 402
138 ./data/voc_data/VOCdevkit/VOC2007/JPEGImages/000139.jpg 1280 720 0 544 22 583 240 1 500 394 520 411 1 455 428 477 441 1 447 469 473 490 1 485 509 514 527 1 556 522 584 543 1 632 501 655 520 1 672 462 693 481 1 663 422 688 440 1 620 392 644 407 1 556 383 581 400
139 ./data/voc_data/VOCdevkit/VOC2007/JPEGImages/000140.jpg 1280 720 0 559 22 599 240 1 507 393 531 411 1 466 423 488 442 1 460 470 483 487 1 496 503 525 527 1 568 518 595 539 1 642 501 669 519 1 683 462 705 482 1 675 422 698 437 1 632 391 653 407 1 571 380 594 397
140 ./data/voc_data/VOCdevkit/VOC2007/JPEGImages/000141.jpg 1280 720 0 569 23 611 240 1 520 394 543 413 1 479 427 503 442 1 472 468 499 487 1 509 504 537 529 1 581 521 611 540 1 656 502 683 520 1 692 463 720 482 1 684 421 712 439 1 645 390 669 407 1 582 383 604 400
141 ./data/voc_data/VOCdevkit/VOC2007/JPEGImages/000142.jpg 1280 720 0 593 23 627 239 1 532 394 556 410 1 489 425 515 442 1 481 470 509 487 1 519 507 549 529 1 595 522 623 540 1 666 499 691 522 1 706 461 731 482 1 697 422 723 439 1 652 392 676 409 1 593 380 620 398
142 ./data/voc_data/VOCdevkit/VOC2007/JPEGImages/000143.jpg 1280 720 0 603 24 642 238 1 541 394 564 411 1 499 425 522 441 1 494 468 518 485 1 535 506 559 525 1 607 520 632 539 1 679 502 701 520 1 715 462 740 481 1 705 422 730 441 1 664 392 687 408 1 602 383 625 398
143 ./data/voc_data/VOCdevkit/VOC2007/JPEGImages/000144.jpg 1280 720 0 621 19 659 238 1 555 393 579 409 1 512 424 537 440 1 507 467 534 486 1 547 505 574 523 1 623 519 647 539 1 696 502 721 519 1 729 462 756 479 1 720 423 746 440 1 675 391 699 407 1 615 381 641 397
144 ./data/voc_data/VOCdevkit/VOC2007/JPEGImages/000145.jpg 1280 720 0 633 20 670 237 1 562 392 585 410 1 521 424 547 442 1 517 468 542 486 1 557 506 585 525 1 630 520 658 538 1 701 503 725 520 1 737 461 764 481 1 728 422 755 439 1 682 392 705 408 1 623 383 646 397
145 ./data/voc_data/VOCdevkit/VOC2007/JPEGImages/000146.jpg 1280 720 0 650 22 682 235 1 573 393 594 406 1 535 425 555 440 1 529 467 552 485 1 571 506 594 525 1 646 521 668 539 1 717 504 739 520 1 753 462 773 480 1 741 422 762 437 1 696 389 719 406 1 634 382 656 396
146 ./data/voc_data/VOCdevkit/VOC2007/JPEGImages/000147.jpg 1280 720 0 655 21 693 236 1 579 393 601 408 1 539 426 561 441 1 534 469 559 486 1 576 506 600 524 1 646 520 674 539 1 720 503 745 520 1 756 464 780 481 1 745 423 772 438 1 700 390 722 408 1 639 382 662 397
147 ./data/voc_data/VOCdevkit/VOC2007/JPEGImages/000148.jpg 1280 720 0 669 22 710 237 1 591 393 611 408 1 551 425 570 439 1 548 469 571 485 1 590 508 613 525 1 664 520 689 538 1 734 501 762 522 1 769 462 794 481 1 757 421 781 438 1 712 389 737 406 1 651 380 674 397
148 ./data/voc_data/VOCdevkit/VOC2007/JPEGImages/000149.jpg 1280 720 0 686 19 729 234 1 602 393 625 409 1 564 424 584 439 1 563 467 584 485 1 605 505 630 524 1 678 521 708 540 1 748 503 776 521 1 784 463 809 481 1 772 422 796 439 1 728 390 750 407 1 664 383 687 396
149 ./data/voc_data/VOCdevkit/VOC2007/JPEGImages/000150.jpg 1280 720 0 698 23 745 237 1 612 394 635 407 1 570 425 593 440 1 572 466 594 484 1 614 505 641 524 1 685 520 711 539 1 761 503 782 522 1 792 462 815 480 1 779 424 803 439 1 734 391 755 408 1 673 382 695 396
150 ./data/voc_data/VOCdevkit/VOC2007/JPEGImages/000151.jpg 1280 720 0 712 22 756 236 1 623 392 646 409 1 583 426 608 441 1 581 469 607 484 1 628 506 650 526 1 702 521 725 540 1 772 504 797 523 1 807 463 831 483 1 792 423 815 442 1 746 391 769 408 1 685 381 709 396
151 ./data/voc_data/VOCdevkit/VOC2007/JPEGImages/000152.jpg 1280 720 0 727 22 775 241 1 635 394 658 408 1 597 426 623 442 1 597 467 622 485 1 639 507 666 526 1 718 522 741 541 1 789 505 812 526 1 820 465 845 483 1 804 424 829 442 1 759 392 780 410 1 695 382 722 400
152 ./data/voc_data/VOCdevkit/VOC2007/JPEGImages/000153.jpg 1280 720 0 741 23 791 240 1 648 393 669 408 1 610 426 631 443 1 611 467 634 486 1 656 506 681 526 1 730 523 754 542 1 798 505 824 523 1 832 466 857 483 1 816 424 839 441 1 771 393 793 410 1 707 384 729 399
153 ./data/voc_data/VOCdevkit/VOC2007/JPEGImages/000154.jpg 1280 720 1 587 456 607 472 1 552 488 573 505 1 548 527 574 545 1 591 565 614 581 1 659 573 686 591 1 727 555 749 573 1 757 517 780 536 1 745 480 765 496 1 701 452 723 468 1 644 445 663 461 0 659 125 692 316
154 ./data/voc_data/VOCdevkit/VOC2007/JPEGImages/000155.jpg 1280 720 0 714 119 752 310 1 635 451 657 465 1 600 481 622 497 1 598 521 625 538 1 644 555 667 573 1 710 565 737 587 1 776 548 801 568 1 807 511 830 530 1 792 473 813 491 1 749 447 769 463 1 688 438 711 455
155 ./data/voc_data/VOCdevkit/VOC2007/JPEGImages/000156.jpg 1280 720 0 743 119 784 313 1 656 449 678 464 1 625 481 644 498 1 628 521 647 536 1 672 557 692 572 1 743 570 765 588 1 807 549 829 569 1 830 511 855 530 1 817 475 840 490 1 771 445 792 462 1 712 439 732 455
156 ./data/voc_data/VOCdevkit/VOC2007/JPEGImages/000157.jpg 1280 720 0 777 121 818 312 1 685 451 704 466 1 651 482 675 497 1 659 522 681 540 1 703 555 726 574 1 774 570 796 587 1 834 551 859 569 1 861 513 884 530 1 843 475 865 491 1 800 449 819 463 1 737 440 759 456
157 ./data/voc_data/VOCdevkit/VOC2007/JPEGImages/000158.jpg 1280 720 0 782 120 826 311 1 689 455 709 469 1 657 487 679 501 1 661 525 685 541 1 710 560 731 579 1 778 572 805 590 1 842 554 867 570 1 867 518 888 533 1 850 479 871 494 1 802 451 823 465 1 744 444 766 458
158 ./data/voc_data/VOCdevkit/VOC2007/JPEGImages/000159.jpg 1280 720 0 737 123 777 316 1 651 454 673 471 1 618 488 639 501 1 626 526 645 541 1 668 561 689 578 1 739 569 762 589 1 802 553 826 569 1 826 517 848 532 1 810 477 831 493 1 765 452 788 464 1 708 443 727 457
159 ./data/voc_data/VOCdevkit/VOC2007/JPEGImages/000160.jpg 1280 720 0 745 120 786 311 1 659 451 681 469 1 624 483 647 498 1 628 523 651 540 1 673 558 695 575 1 742 568 767 587 1 807 552 829 568 1 834 511 858 531 1 817 477 838 492 1 773 449 793 463 1 714 441 732 455
160 ./data/voc_data/VOCdevkit/VOC2007/JPEGImages/000161.jpg 1280 720 0 707 124 742 314 1 625 455 645 470 1 591 485 613 501 1 595 526 618 541 1 638 561 661 577 1 706 571 730 588 1 773 552 796 570 1 800 511 823 531 1 783 476 805 494 1 740 447 762 465 1 679 440 700 458
161 ./data/voc_data/VOCdevkit/VOC2007/JPEGImages/000162.jpg 1280 720 0 681 124 717 311 1 606 454 625 469 1 571 486 594 499 1 573 526 596 541 1 615 561 639 577 1 685 571 707 591 1 750 549 771 568 1 777 513 803 531 1 763 475 785 491 1 720 449 740 463 1 661 442 682 458
162 ./data/voc_data/VOCdevkit/VOC2007/JPEGImages/000163.jpg 1280 720 0 666 121 699 309 1 595 453 612 467 1 557 485 580 499 1 562 524 583 541 1 602 559 623 575 1 672 568 694 587 1 734 550 759 567 1 765 511 787 528 1 749 475 769 489 1 708 448 727 462 1 650 441 670 455
163 ./data/voc_data/VOCdevkit/VOC2007/JPEGImages/000164.jpg 1280 720 0 669 122 701 313 1 597 455 614 468 1 559 486 580 499 1 562 528 582 541 1 604 561 627 576 1 674 568 695 585 1 738 549 758 566 1 767 513 787 529 1 750 477 772 491 1 708 448 729 464 1 650 442 669 455
164 ./data/voc_data/VOCdevkit/VOC2007/JPEGImages/000165.jpg 1280 720 0 717 134 755 324 1 692 452 712 467 1 752 461 769 474 1 795 488 816 503 1 810 527 832 542 1 783 564 806 581 1 717 584 742 603 1 649 572 671 588 1 607 538 628 553 1 602 496 622 510 1 638 464 656 478
165 ./data/voc_data/VOCdevkit/VOC2007/JPEGImages/000166.jpg 1280 720 0 739 132 777 323 1 651 463 671 478 1 618 497 640 511 1 621 539 643 552 1 665 570 690 588 1 737 583 759 599 1 799 564 821 580 1 828 526 846 541 1 809 487 831 503 1 765 462 784 474 1 704 453 726 467
166 ./data/voc_data/VOCdevkit/VOC2007/JPEGImages/000167.jpg 1280 720 0 751 128 793 322 1 662 459 684 479 1 629 493 651 507 1 633 534 656 549 1 680 568 705 584 1 749 576 774 592 1 812 558 837 575 1 840 521 862 540 1 820 482 844 499 1 774 456 797 472 1 717 449 738 462
167 ./data/voc_data/VOCdevkit/VOC2007/JPEGImages/000168.jpg 1280 720 0 756 139 795 338 1 664 476 684 493 1 629 509 652 523 1 636 552 657 565 1 681 583 705 604 1 754 595 778 616 1 820 575 841 594 1 845 537 867 556 1 823 498 846 515 1 777 468 801 488
168 ./data/voc_data/VOCdevkit/VOC2007/JPEGImages/000169.jpg 1280 720 0 677 126 711 317 1 604 458 621 471 1 567 491 588 503 1 568 528 591 543 1 611 562 633 578 1 680 575 703 589 1 745 555 767 573 1 772 516 795 535 1 760 479 779 495 1 715 453 735 467 1 659 446 679 458
169 ./data/voc_data/VOCdevkit/VOC2007/JPEGImages/000170.jpg 1280 720 0 614 131 647 326 1 552 468 574 483 1 515 504 535 517 1 512 546 537 561 1 556 580 578 599 1 626 592 650 611 1 691 572 717 591 1 726 533 750 549 1 714 491 734 507 1 671 464 690 479
170 ./data/voc_data/VOCdevkit/VOC2007/JPEGImages/000171.jpg 1280 720 0 585 132 619 326 1 532 469 552 485 1 493 505 515 519 1 491 549 513 564 1 531 584 551 601 1 600 594 623 611 1 669 574 692 592 1 703 533 724 551 1 693 494 714 508 1 651 466 671 480 1 591 459 612 471
171 ./data/voc_data/VOCdevkit/VOC2007/JPEGImages/000172.jpg 1280 720 0 564 129 598 328 1 517 467 536 484 1 476 502 497 517 1 470 543 494 560 1 511 582 534 599 1 579 592 604 610 1 649 571 670 588 1 684 532 705 549 1 675 491 696 508 1 633 464 655 479 1 576 455 597 471
172 ./data/voc_data/VOCdevkit/VOC2007/JPEGImages/000173.jpg 1280 720 0 520 128 557 325 1 485 467 506 481 1 443 502 464 516 1 439 544 461 560 1 472 578 498 597 1 543 590 566 607 1 614 570 638 587 1 650 529 674 549 1 643 490 666 507 1 603 463 624 478 1 545 454 565 469
173 ./data/voc_data/VOCdevkit/VOC2007/JPEGImages/000174.jpg 1280 720 0 488 130 521 324 1 459 466 481 481 1 417 496 438 515 1 406 542 430 559 1 444 581 468 599 1 510 588 536 605 1 581 569 608 587 1 620 528 645 548 1 614 489 638 506 1 575 463 598 477 1 517 453 539 469
174 ./data/voc_data/VOCdevkit/VOC2007/JPEGImages/000175.jpg 1280 720 0 455 133 495 331 1 441 468 458 482 1 395 500 418 515 1 387 546 409 559 1 419 579 444 595 1 490 591 513 606 1 560 571 584 586 1 598 528 622 545 1 594 488 616 504 1 555 459 577 476 1 498 452 519 469
175 ./data/voc_data/VOCdevkit/VOC2007/JPEGImages/000176.jpg 1280 720 0 414 127 457 325 1 410 465 428 481 1 363 498 384 515 1 352 542 377 560 1 386 578 411 598 1 455 588 480 608 1 525 566 551 586 1 565 526 589 543 1 563 487 585 503 1 526 460 547 473 1 467 452 492 466
176 ./data/voc_data/VOCdevkit/VOC2007/JPEGImages/000177.jpg 1280 720 0 394 128 436 323 1 394 465 413 483 1 346 501 367 514 1 336 540 359 562 1 369 578 389 594 1 437 589 461 607 1 508 567 532 586 1 549 526 573 545 1 546 485 570 502 1 512 458 533 473 1 453 451 475 466
177 ./data/voc_data/VOCdevkit/VOC2007/JPEGImages/000178.jpg 1280 720 0 378 125 418 325 1 382 467 403 481 1 336 498 359 515 1 323 543 345 562 1 355 579 378 596 1 425 588 449 605 1 496 565 517 584 1 537 528 561 544 1 535 488 557 503 1 502 458 523 473 1 443 452 464 466
178 ./data/voc_data/VOCdevkit/VOC2007/JPEGImages/000179.jpg 1280 720 0 358 127 405 322 1 369 465 392 480 1 322 499 346 514 1 311 544 330 560 1 342 579 363 596 1 411 586 433 605 1 479 565 505 585 1 526 526 547 544 1 523 484 543 501 1 485 456 510 473 1 431 449 453 467
179 ./data/voc_data/VOCdevkit/VOC2007/JPEGImages/000180.jpg 1280 720 0 329 126 379 327 1 344 466 363 481 1 297 499 316 515 1 282 542 305 560 1 314 578 338 597 1 381 588 406 604 1 454 566 479 584 1 497 524 522 543 1 498 485 522 501 1 464 460 485 474 1 407 452 430 468
180 ./data/voc_data/VOCdevkit/VOC2007/JPEGImages/000181.jpg 1280 720 0 316 129 365 319 1 333 464 357 480 1 282 497 305 513 1 270 542 294 558 1 298 577 322 596 1 369 587 392 604 1 438 564 464 584 1 483 523 504 541 1 487 486 507 501 1 449 459 471 472 1 394 451 415 465
181 ./data/voc_data/VOCdevkit/VOC2007/JPEGImages/000182.jpg 1280 720 0 313 126 362 321 1 332 464 354 481 1 284 498 307 512 1 269 541 292 559 1 300 576 324 593 1 366 587 390 603 1 442 563 463 582 1 485 524 509 540 1 485 485 509 499 1 451 458 473 472 1 393 451 416 466
182 ./data/voc_data/VOCdevkit/VOC2007/JPEGImages/000183.jpg 1280 720 0 287 120 336 316 1 313 456 335 472 1 266 487 286 505 1 250 530 274 551 1 276 566 299 585 1 343 577 367 595 1 418 556 440 573 1 462 517 484 533 1 465 476 488 496 1 434 449 454 465 1 376 440 400 459
183 ./data/voc_data/VOCdevkit/VOC2007/JPEGImages/000184.jpg 1280 720 0 264 119 317 316 1 299 458 319 469 1 246 489 268 502 1 230 533 253 548 1 259 567 281 583 1 322 578 346 594 1 397 553 421 571 1 445 517 465 532 1 450 477 471 492 1 418 449 438 464 1 367 440 387 455
184 ./data/voc_data/VOCdevkit/VOC2007/JPEGImages/000185.jpg 1280 720 0 239 118 291 314 1 276 457 299 471 1 228 489 249 504 1 208 532 231 548 1 236 568 258 584 1 299 578 321 593 1 375 554 400 571 1 423 513 445 531 1 428 476 450 490 1 398 449 420 464 1 342 443 363 457
185 ./data/voc_data/VOCdevkit/VOC2007/JPEGImages/000186.jpg 1280 720 0 403 98 443 297 1 403 436 424 451 1 358 467 380 482 1 346 508 371 525 1 379 541 401 560 1 446 551 469 568 1 515 531 537 551 1 554 455 574 471 1 556 495 579 512 1 518 428 539 443 1 461 425 483 438
186 ./data/voc_data/VOCdevkit/VOC2007/JPEGImages/000187.jpg 1280 720 0 424 93 463 290 1 417 427 438 441 1 375 458 395 474 1 364 498 385 514 1 396 530 421 547 1 461 540 485 558 1 531 523 554 540 1 570 484 592 503 1 568 447 590 463 1 533 420 551 436 1 476 414 496 429
187 ./data/voc_data/VOCdevkit/VOC2007/JPEGImages/000188.jpg 1280 720 0 447 91 484 284 1 434 426 455 441 1 395 459 414 472 1 384 498 405 513 1 415 531 440 547 1 482 540 507 556 1 549 522 572 538 1 588 485 609 501 1 586 448 608 464 1 550 420 570 434 1 492 414 514 428
188 ./data/voc_data/VOCdevkit/VOC2007/JPEGImages/000189.jpg 1280 720 0 509 88 542 281 1 477 425 497 440 1 435 456 456 472 1 427 495 451 513 1 465 529 487 547 1 529 540 555 559 1 599 524 622 539 1 636 485 658 499 1 629 447 654 463 1 589 422 615 437 1 535 414 556 429
189 ./data/voc_data/VOCdevkit/VOC2007/JPEGImages/000190.jpg 1280 720 0 541 88 577 282 1 504 426 524 439 1 463 457 485 470 1 459 497 480 513 1 495 530 519 545 1 562 541 584 557 1 631 522 652 538 1 665 486 685 502 1 657 449 680 464 1 618 420 638 437 1 560 415 584 430
190 ./data/voc_data/VOCdevkit/VOC2007/JPEGImages/000191.jpg 1280 720 0 568 90 603 280 1 522 425 543 439 1 483 456 504 470 1 478 497 502 511 1 515 530 539 546 1 581 539 605 556 1 648 521 671 539 1 684 485 704 502 1 676 448 698 462 1 637 420 656 435
191 ./data/voc_data/VOCdevkit/VOC2007/JPEGImages/000192.jpg 1280 720 1 605 412 627 428 1 550 426 572 438 1 513 454 534 470 1 508 495 530 511 1 546 529 570 545 1 614 541 639 556 1 680 523 704 539 1 711 486 735 502 1 704 447 726 463 1 662 421 684 435 0 604 90 640 280
192 ./data/voc_data/VOCdevkit/VOC2007/JPEGImages/000193.jpg 1280 720 0 622 87 657 280 1 562 426 583 438 1 525 457 543 470 1 524 495 545 510 1 562 528 585 542 1 630 540 653 555 1 693 518 721 537 1 727 483 751 503 1 716 448 739 464 1 676 421 697 436 1 620 414 640 428
193 ./data/voc_data/VOCdevkit/VOC2007/JPEGImages/000194.jpg 1280 720 0 664 84 698 280 1 596 423 615 438 1 556 456 578 469 1 555 494 579 511 1 598 527 621 545 1 667 538 689 556 1 733 522 754 539 1 762 484 785 502 1 750 448 771 464 1 708 421 728 436 1 651 413 670 427
194 ./data/voc_data/VOCdevkit/VOC2007/JPEGImages/000195.jpg 1280 720 0 679 88 716 282 1 604 425 627 440 1 570 456 593 469 1 569 495 591 509 1 609 528 636 545 1 680 539 704 554 1 744 520 770 540 1 775 486 799 501 1 764 450 786 464 1 718 422 740 436 1 662 415 682 428
195 ./data/voc_data/VOCdevkit/VOC2007/JPEGImages/000196.jpg 1280 720 0 719 86 758 282 1 639 425 660 440 1 604 455 626 470 1 604 495 626 511 1 647 528 671 545 1 718 540 741 557 1 779 521 802 541 1 811 488 833 502 1 797 449 819 464 1 754 422 775 437 1 696 414 714 428
196 ./data/voc_data/VOCdevkit/VOC2007/JPEGImages/000197.jpg 1280 720 0 738 88 780 282 1 654 425 674 439 1 619 456 640 470 1 620 496 643 508 1 663 531 688 546 1 735 542 759 560 1 798 524 824 543 1 828 488 850 505 1 809 449 834 465 1 766 422 788 438 1 708 414 730 427
197 ./data/voc_data/VOCdevkit/VOC2007/JPEGImages/000198.jpg 1280 720 0 739 87 778 279 1 655 424 674 439 1 618 455 642 469 1 622 496 644 510 1 665 529 687 545 1 736 541 758 559 1 799 521 823 542 1 828 487 851 505 1 813 450 834 466 1 770 421 790 437 1 710 413 731 429
198 ./data/voc_data/VOCdevkit/VOC2007/JPEGImages/000199.jpg 1280 720 0 722 81 760 275 1 640 419 661 433 1 604 447 627 462 1 607 489 628 502 1 648 521 671 537 1 717 534 739 550 1 782 516 804 534 1 812 480 835 497 1 796 444 817 458 1 754 415 776 432 1 696 409 715 423
199 ./data/voc_data/VOCdevkit/VOC2007/JPEGImages/000200.jpg 1280 720 0 701 78 738 269 1 626 415 646 428 1 588 444 610 459 1 590 484 610 499 1 630 517 652 533 1 700 528 720 544 1 763 512 783 527 1 795 476 814 492 1 782 440 799 454 1 739 412 757 426 1 678 404 699 418
200 ./data/voc_data/VOCdevkit/VOC2007/JPEGImages/000201.jpg 1280 720 0 694 74 730 268 1 676 401 695 416 1 621 413 641 428 1 583 440 604 453 1 582 481 604 497 1 624 513 648 530 1 692 525 715 542 1 755 507 780 525 1 787 472 810 488 1 774 436 798 453 1 730 409 753 424
201 ./data/voc_data/VOCdevkit/VOC2007/JPEGImages/000202.jpg 1280 720 0 693 78 730 266 1 622 412 642 427 1 583 440 605 453 1 581 481 608 497 1 624 514 648 530 1 692 526 719 542 1 753 506 781 527 1 785 473 810 490 1 774 437 799 452 1 731 409 755 424 1 675 402 695 416
202 ./data/voc_data/VOCdevkit/VOC2007/JPEGImages/000203.jpg 1280 720 0 699 66 734 256 1 623 401 644 416 1 590 430 610 443 1 590 468 613 482 1 631 499 652 514 1 698 511 718 525 1 759 495 781 509 1 790 462 812 477 1 777 426 799 440 1 734 398 758 412 1 679 393 700 405
203 ./data/voc_data/VOCdevkit/VOC2007/JPEGImages/000204.jpg 1280 720 0 701 57 733 243 1 627 391 646 404 1 592 419 613 431 1 593 456 613 470 1 633 487 655 501 1 698 500 720 513 1 760 481 782 497 1 789 449 813 464 1 780 415 801 428 1 737 390 756 404
204 ./data/voc_data/VOCdevkit/VOC2007/JPEGImages/000205.jpg 1280 720 0 698 26 736 218 1 627 365 645 378 1 590 390 612 404 1 590 426 613 442 1 631 457 652 473 1 694 469 720 485 1 758 453 781 470 1 786 421 809 439 1 778 387 799 403 1 737 361 755 376 1 680 355 699 368
205 ./data/voc_data/VOCdevkit/VOC2007/JPEGImages/000206.jpg 1280 720 0 748 32 788 220 1 662 370 683 382 1 628 398 653 412 1 633 432 654 446 1 675 463 695 480 1 742 475 763 490 1 804 460 826 475 1 831 427 849 440 1 816 393 837 407 1 773 369 792 383 1 717 361 736 375
206 ./data/voc_data/VOCdevkit/VOC2007/JPEGImages/000207.jpg 1280 720 0 684 107 721 302 1 662 433 684 448 1 608 447 628 462 1 569 477 593 491 1 572 521 596 534 1 614 555 638 572 1 686 566 709 583 1 748 545 771 563 1 781 508 802 525 1 766 471 787 486 1 723 443 744 456
207 ./data/voc_data/VOCdevkit/VOC2007/JPEGImages/000208.jpg 1280 720 0 668 108 702 301 1 594 444 615 462 1 556 477 580 495 1 556 520 579 536 1 597 554 623 572 1 666 567 694 585 1 733 544 758 566 1 764 505 788 527 1 752 469 774 484 1 709 443 732 460 1 648 431 670 449
208 ./data/voc_data/VOCdevkit/VOC2007/JPEGImages/000209.jpg 1280 720 0 625 106 655 300 1 561 445 580 459 1 519 478 545 494 1 519 518 542 535 1 563 554 585 569 1 629 566 655 581 1 696 546 719 560 1 729 506 752 523 1 718 468 740 482 1 676 440 695 455 1 615 433 636 448
209 ./data/voc_data/VOCdevkit/VOC2007/JPEGImages/000210.jpg 1280 720 0 597 107 630 299 1 542 445 563 459 1 502 476 524 490 1 502 520 525 534 1 538 551 564 571 1 606 559 633 581 1 672 540 700 561 1 706 504 730 521 1 698 468 722 483 1 657 439 677 454 1 598 433 618 447
210 ./data/voc_data/VOCdevkit/VOC2007/JPEGImages/000211.jpg 1280 720 0 571 102 606 300 1 523 442 543 457 1 482 472 506 489 1 478 514 506 534 1 518 548 545 569 1 586 558 611 579 1 652 540 680 560 1 689 504 711 520 1 677 462 701 480 1 637 438 659 453 1 580 433 603 447
211 ./data/voc_data/VOCdevkit/VOC2007/JPEGImages/000212.jpg 1280 720 0 529 100 565 296 1 551 428 570 443 1 605 437 626 450 1 647 462 668 476 1 653 500 675 517 1 617 537 642 554 1 550 557 577 575 1 481 545 506 563 1 448 511 471 528 1 451 470 472 487 1 490 440 511 454
212 ./data/voc_data/VOCdevkit/VOC2007/JPEGImages/000213.jpg 1280 720 0 504 99 539 294 1 472 437 494 453 1 431 470 454 486 1 424 512 449 528 1 461 546 484 563 1 528 556 552 572 1 595 534 618 551 1 632 496 653 515 1 625 459 650 474 1 587 432 611 446
213 ./data/voc_data/VOCdevkit/VOC2007/JPEGImages/000214.jpg 1280 720 0 486 97 523 295 1 460 439 483 453 1 418 470 443 486 1 409 510 438 526 1 445 544 471 563 1 508 554 537 572 1 579 534 605 552 1 619 499 642 514 1 613 461 638 475 1 574 432 596 448 1 519 426 540 438
214 ./data/voc_data/VOCdevkit/VOC2007/JPEGImages/000215.jpg 1280 720 0 446 100 483 292 1 430 438 453 452 1 389 466 412 484 1 378 509 403 529 1 411 543 437 559 1 478 553 504 570 1 546 534 571 553 1 585 493 612 511 1 581 455 606 475 1 546 430 569 448 1 489 422 513 440
215 ./data/voc_data/VOCdevkit/VOC2007/JPEGImages/000216.jpg 1280 720 0 411 101 451 289 1 407 437 427 450 1 363 467 384 481 1 351 510 373 524 1 383 543 409 558 1 450 551 476 568 1 521 529 543 548 1 556 493 581 508 1 558 457 580 472 1 520 429 541 445 1 467 423 486 438
216 ./data/voc_data/VOCdevkit/VOC2007/JPEGImages/000217.jpg 1280 720 0 401 101 439 293 1 398 437 418 449 1 354 467 373 481 1 343 510 364 525 1 374 542 399 558 1 439 552 461 567 1 512 532 533 546 1 552 495 573 509 1 550 457 569 471 1 512 429 532 443 1 458 425 480 437
217 ./data/voc_data/VOCdevkit/VOC2007/JPEGImages/000218.jpg 1280 720 0 748 122 801 322 1 656 457 678 474 1 620 488 641 506 1 616 531 640 551 1 657 571 683 590 1 730 591 756 611 1 797 573 824 593 1 832 535 860 555 1 816 494 842 513 1 774 463 796 479 1 715 448 736 464
218 ./data/voc_data/VOCdevkit/VOC2007/JPEGImages/000219.jpg 1280 720 0 718 118 766 316 1 690 447 711 463 1 633 457 652 471 1 593 486 612 501 1 590 531 611 546 1 631 569 654 588 1 703 588 728 604 1 771 572 794 589 1 805 532 825 550 1 792 492 818 509 1 750 458 773 476
219 ./data/voc_data/VOCdevkit/VOC2007/JPEGImages/000220.jpg 1280 720 0 683 115 728 319 1 604 454 623 469 1 562 485 586 499 1 559 526 585 545 1 598 566 625 584 1 666 583 691 601 1 735 568 761 587 1 772 530 794 549 1 761 488 786 505 1 717 458 739 471 1 663 445 684 460
220 ./data/voc_data/VOCdevkit/VOC2007/JPEGImages/000221.jpg 1280 720 0 653 116 692 313 1 579 451 601 464 1 537 484 559 498 1 532 526 554 542 1 570 563 593 581 1 636 582 661 603 1 707 563 733 581 1 745 527 769 547 1 736 487 758 503 1 695 454 715 470 1 635 443 657 459
221 ./data/voc_data/VOCdevkit/VOC2007/JPEGImages/000222.jpg 1280 720 0 632 110 669 312 1 560 449 582 465 1 517 481 539 496 1 509 523 533 540 1 546 564 572 578 1 616 579 642 597 1 682 564 709 581 1 723 526 748 544 1 717 485 741 500 1 677 453 699 469 1 619 440 642 458
222 ./data/voc_data/VOCdevkit/VOC2007/JPEGImages/000223.jpg 1280 720 0 594 111 632 313 1 537 449 555 462 1 492 480 517 494 1 484 520 509 540 1 517 561 542 577 1 588 576 614 596 1 659 561 683 581 1 694 522 718 541 1 693 482 715 501 1 653 450 673 466 1 595 442 615 455
223 ./data/voc_data/VOCdevkit/VOC2007/JPEGImages/000224.jpg 1280 720 0 528 106 565 310 1 487 445 507 461 1 441 476 463 492 1 429 518 457 537 1 460 557 485 577 1 530 574 554 594 1 601 558 625 576 1 643 519 667 537 1 639 479 663 498 1 604 448 626 467 1 548 437 570 455
224 ./data/voc_data/VOCdevkit/VOC2007/JPEGImages/000225.jpg 1280 720 0 506 109 541 305 1 468 444 488 459 1 423 476 446 489 1 412 520 434 535 1 444 558 467 576 1 509 572 533 591 1 581 557 604 575 1 625 519 647 537 1 620 478 647 494 1 585 449 608 460 1 528 438 548 451
225 ./data/voc_data/VOCdevkit/VOC2007/JPEGImages/000226.jpg 1280 720 0 483 106 524 306 1 452 445 476 460 1 408 476 428 489 1 390 517 419 535 1 423 560 447 573 1 492 573 514 591 1 562 555 586 574 1 606 520 629 535 1 604 477 626 496 1 569 449 591 464 1 514 437 536 451
226 ./data/voc_data/VOCdevkit/VOC2007/JPEGImages/000227.jpg 1280 720 0 439 104 472 305 1 417 445 439 457 1 372 477 394 492 1 353 516 378 537 1 382 555 407 574 1 448 570 473 590 1 523 554 548 572 1 568 517 590 535 1 568 477 592 492 1 536 447 557 461 1 478 436 501 450
227 ./data/voc_data/VOCdevkit/VOC2007/JPEGImages/000228.jpg 1280 720 0 417 109 455 304 1 404 443 428 459 1 357 473 380 489 1 340 515 364 535 1 370 556 394 571 1 434 571 457 589 1 507 552 533 571 1 553 515 579 534 1 556 478 582 492 1 521 445 547 459 1 463 436 487 452
228 ./data/voc_data/VOCdevkit/VOC2007/JPEGImages/000229.jpg 1280 720 0 380 106 413 305 1 371 443 393 458 1 323 474 345 491 1 304 516 328 533 1 333 557 358 572 1 398 569 423 588 1 473 553 498 572 1 521 516 543 532 1 524 475 544 491 1 493 445 514 460 1 436 435 456 449
229 ./data/voc_data/VOCdevkit/VOC2007/JPEGImages/000230.jpg 1280 720 1 357 446 379 461 1 309 475 332 492 1 290 517 319 535 1 315 555 344 576 1 419 434 441 449 1 475 445 501 463 1 509 476 531 493 1 503 513 529 532 1 453 552 483 571 1 380 570 408 588 0 356 109 395 303
230 ./data/voc_data/VOCdevkit/VOC2007/JPEGImages/000231.jpg 1280 720 0 336 110 378 305 1 343 444 365 462 1 295 476 317 491 1 273 519 297 534 1 300 559 323 573 1 365 570 389 587 1 439 552 461 570 1 486 516 509 533 1 494 475 513 491 1 461 447 483 460 1 406 434 429 450
231 ./data/voc_data/VOCdevkit/VOC2007/JPEGImages/000232.jpg 1280 720 0 305 107 353 309 1 325 448 346 460 1 271 478 290 491 1 250 521 272 536 1 274 556 299 574 1 341 573 365 590 1 387 434 411 450 1 442 445 463 460 1 472 475 495 491 1 465 515 490 534 1 418 552 442 572
232 ./data/voc_data/VOCdevkit/VOC2007/JPEGImages/000233.jpg 1280 720 0 431 109 476 307 1 419 448 437 461 1 368 475 392 493 1 354 521 377 539 1 383 557 408 575 1 450 572 476 593 1 523 559 545 578 1 569 519 590 537 1 569 478 593 496 1 535 452 554 466 1 479 438 501 453
233 ./data/voc_data/VOCdevkit/VOC2007/JPEGImages/000234.jpg 1280 720 0 483 112 525 311 1 452 448 475 464 1 409 480 433 495 1 394 524 419 539 1 426 563 451 579 1 492 577 517 593 1 567 561 589 578 1 607 523 629 540 1 607 481 631 498 1 573 451 594 466 1 513 439 536 454
234 ./data/voc_data/VOCdevkit/VOC2007/JPEGImages/000235.jpg 1280 720 0 567 112 605 311 1 511 451 535 468 1 469 482 494 499 1 459 525 485 542 1 496 564 521 580 1 562 578 587 599 1 634 562 657 581 1 673 525 695 542 1 669 486 693 501 1 632 454 652 470 1 572 443 593 459
235 ./data/voc_data/VOCdevkit/VOC2007/JPEGImages/000236.jpg 1280 720 0 604 114 639 315 1 541 452 564 468 1 497 483 523 501 1 490 526 512 543 1 527 566 549 581 1 594 580 617 599 1 666 565 692 583 1 704 527 729 546 1 697 488 721 503 1 658 457 682 472 1 600 444 621 460
236 ./data/voc_data/VOCdevkit/VOC2007/JPEGImages/000237.jpg 1280 720 1 574 452 597 469 1 529 484 555 500 1 524 526 551 546 1 562 567 588 587 1 632 583 660 602 1 701 566 729 584 1 739 530 763 546 1 733 488 756 503 1 691 459 712 472 1 631 445 656 461 0 647 117 686 317
237 ./data/voc_data/VOCdevkit/VOC2007/JPEGImages/000238.jpg 1280 720 0 678 118 717 317 1 598 454 618 469 1 553 485 575 501 1 549 530 574 547 1 587 569 612 587 1 658 585 686 604 1 725 571 753 591 1 763 533 789 551 1 755 491 778 508 1 714 459 736 476 1 654 446 677 464
238 ./data/voc_data/VOCdevkit/VOC2007/JPEGImages/000239.jpg 1280 720 1 615 455 635 472 1 573 488 596 503 1 570 529 595 547 1 610 571 634 588 1 681 587 705 605 1 751 571 774 591 1 784 533 808 551 1 774 493 796 509 1 733 461 755 476 1 673 451 696 462 0 699 120 743 320
239 ./data/voc_data/VOCdevkit/VOC2007/JPEGImages/000240.jpg 1280 720 0 751 122 802 324 1 657 457 680 476 1 620 489 641 507 1 621 533 643 550 1 658 573 682 593 1 729 591 753 612 1 802 577 825 595 1 834 540 855 558 1 821 495 843 515 1 776 465 798 481 1 716 451 738 468
240 ./data/voc_data/VOCdevkit/VOC2007/JPEGImages/000241.jpg 1280 720 0 773 123 828 324 1 676 459 697 474 1 638 490 660 506 1 638 535 661 552 1 680 577 704 595 1 750 595 775 612 1 818 579 843 599 1 855 542 876 560 1 840 499 865 516 1 794 467 818 482 1 734 454 755 468
241 ./data/voc_data/VOCdevkit/VOC2007/JPEGImages/000242.jpg 1280 720 0 790 126 848 329 1 691 460 713 476 1 653 494 677 506 1 650 536 675 555 1 690 576 720 594 1 766 597 795 616 1 837 582 863 601 1 868 543 893 563 1 852 501 880 517 1 809 468 830 483 1 750 454 772 469
242 ./data/voc_data/VOCdevkit/VOC2007/JPEGImages/000243.jpg 1280 720 0 743 159 795 360 1 650 493 671 507 1 612 526 634 543 1 609 575 633 591 1 651 617 676 635 1 727 636 752 655 1 796 617 822 640 1 829 577 855 594 1 815 531 843 550 1 771 498 793 514 1 709 485 729 500
243 ./data/voc_data/VOCdevkit/VOC2007/JPEGImages/000244.jpg 1280 720 0 700 151 743 349 1 615 487 636 503 1 569 521 596 537 1 566 568 592 588 1 610 610 638 630 1 683 628 708 648 1 753 610 778 631 1 788 570 811 588 1 778 524 803 542 1 733 493 756 507 1 673 479 695 495
244 ./data/voc_data/VOCdevkit/VOC2007/JPEGImages/000245.jpg 1280 720 0 632 146 669 348 1 563 483 583 497 1 517 515 540 531 1 513 563 536 581 1 551 607 576 624 1 620 622 645 639 1 690 604 719 622 1 730 562 757 580 1 722 519 746 537 1 683 486 702 501 1 620 473 642 489
245 ./data/voc_data/VOCdevkit/VOC2007/JPEGImages/000246.jpg 1280 720 0 607 141 644 344 1 539 481 560 497 1 498 515 520 530 1 488 562 514 578 1 528 601 551 619 1 596 621 620 640 1 670 602 695 621 1 706 561 733 580 1 703 518 724 534 1 662 484 683 499 1 601 473 623 487
246 ./data/voc_data/VOCdevkit/VOC2007/JPEGImages/000247.jpg 1280 720 0 546 141 581 343 1 495 480 516 494 1 451 512 471 527 1 438 558 464 577 1 475 601 499 619 1 545 616 572 637 1 620 599 643 620 1 661 559 682 574 1 654 512 677 531 1 617 482 638 498 1 556 471 580 487
247 ./data/voc_data/VOCdevkit/VOC2007/JPEGImages/000248.jpg 1280 720 0 511 142 552 343 1 471 479 493 494 1 427 512 449 528 1 413 559 439 577 1 448 601 473 618 1 517 616 546 636 1 590 596 618 615 1 634 557 658 574 1 630 513 653 530 1 592 480 617 497 1 532 466 559 485
248 ./data/voc_data/VOCdevkit/VOC2007/JPEGImages/000249.jpg 1280 720 0 462 139 499 343 1 434 479 456 496 1 387 512 407 529 1 371 558 400 576 1 405 600 434 618 1 475 614 500 635 1 549 598 574 617 1 594 556 616 574 1 594 512 615 528 1 554 481 577 496 1 498 469 519 485
249 ./data/voc_data/VOCdevkit/VOC2007/JPEGImages/000250.jpg 1280 720 0 440 138 475 336 1 416 479 439 497 1 370 511 392 526 1 355 559 379 576 1 385 599 409 617 1 456 616 480 634 1 529 594 555 614 1 576 553 598 572 1 574 510 599 527 1 539 479 561 495 1 482 467 502 484
250 ./data/voc_data/VOCdevkit/VOC2007/JPEGImages/000251.jpg 1280 720 1 376 478 397 494 1 328 514 351 528 1 308 559 333 578 1 339 599 366 617 1 409 615 431 634 1 484 594 509 614 1 531 554 554 570 1 532 510 557 526 1 497 478 519 494 1 440 469 461 483 0 382 138 423 341
251 ./data/voc_data/VOCdevkit/VOC2007/JPEGImages/000252.jpg 1280 720 0 359 140 400 342 1 361 478 386 496 1 310 513 333 530 1 292 558 319 578 1 322 602 345 619 1 391 616 414 635 1 467 593 494 614 1 513 551 538 571 1 517 508 542 526 1 483 475 507 491 1 423 465 448 484
252 ./data/voc_data/VOCdevkit/VOC2007/JPEGImages/000253.jpg 1280 720 0 321 137 368 345 1 335 481 360 498 1 283 513 306 530 1 263 560 286 578 1 293 599 318 618 1 362 614 386 635 1 437 595 464 615 1 486 551 510 569 1 491 507 515 525 1 457 474 479 492 1 398 466 425 482
253 ./data/voc_data/VOCdevkit/VOC2007/JPEGImages/000254.jpg 1280 720 0 586 144 623 345 1 523 484 546 502 1 483 517 506 533 1 474 566 500 584 1 514 606 539 625 1 585 620 613 640 1 654 600 682 619 1 693 561 719 581 1 686 517 711 534 1 646 486 668 500 1 585 471 608 488
254 ./data/voc_data/VOCdevkit/VOC2007/JPEGImages/000255.jpg 1280 720 0 637 136 678 337 1 565 476 587 494 1 521 509 547 524 1 519 554 543 572 1 559 595 586 614 1 631 609 657 630 1 702 589 729 611 1 740 551 764 572 1 725 509 751 526 1 683 476 707 494 1 622 464 646 482
255 ./data/voc_data/VOCdevkit/VOC2007/JPEGImages/000256.jpg 1280 720 0 667 128 707 334 1 586 472 607 488 1 545 505 567 521 1 543 548 569 566 1 585 588 607 606 1 657 605 682 623 1 726 585 752 605 1 760 546 786 564 1 749 504 773 520 1 704 472 729 488 1 644 460 669 475
256 ./data/voc_data/VOCdevkit/VOC2007/JPEGImages/000257.jpg 1280 720 0 667 128 706 325 1 585 466 607 482 1 548 499 571 515 1 543 544 566 560 1 588 584 610 599 1 658 598 685 616 1 725 580 750 599 1 761 541 783 557 1 749 496 769 514 1 703 465 726 481 1 643 454 664 472
257 ./data/voc_data/VOCdevkit/VOC2007/JPEGImages/000258.jpg 1280 720 0 669 126 710 323 1 587 464 609 479 1 549 497 572 515 1 546 543 571 561 1 591 579 617 599 1 664 596 691 616 1 730 575 756 596 1 762 538 787 557 1 749 496 774 513 1 706 462 730 481 1 646 453 669 471
258 ./data/voc_data/VOCdevkit/VOC2007/JPEGImages/000259.jpg 1280 720 0 680 123 723 325 1 597 464 623 481 1 556 496 581 513 1 556 540 581 559 1 599 578 624 598 1 674 595 699 614 1 742 573 765 594 1 769 535 797 554 1 757 494 782 512 1 715 462 736 479 1 656 452 677 470
259 ./data/voc_data/VOCdevkit/VOC2007/JPEGImages/000260.jpg 1280 720 0 719 118 763 321 1 628 461 648 477 1 589 494 614 511 1 592 539 617 555 1 634 577 660 596 1 707 592 737 610 1 773 571 801 594 1 803 531 827 553 1 791 490 815 509 1 744 459 767 476 1 683 448 706 467
260 ./data/voc_data/VOCdevkit/VOC2007/JPEGImages/000261.jpg 1280 720 0 732 120 779 322 1 640 460 662 477 1 601 490 627 510 1 604 536 627 554 1 647 575 676 596 1 722 591 746 611 1 788 573 813 593 1 818 535 841 552 1 804 491 826 510 1 754 459 781 476 1 696 449 720 466
261 ./data/voc_data/VOCdevkit/VOC2007/JPEGImages/000262.jpg 1280 720 0 762 120 811 320 1 664 461 684 478 1 627 494 652 511 1 628 537 654 552 1 672 576 701 593 1 746 591 773 613 1 815 576 837 593 1 842 534 866 554 1 828 494 847 507 1 780 462 801 478 1 720 450 739 466
262 ./data/voc_data/VOCdevkit/VOC2007/JPEGImages/000263.jpg 1280 720 0 765 116 820 322 1 666 457 691 474 1 632 487 657 506 1 634 533 658 550 1 679 571 706 592 1 749 587 776 604 1 815 569 844 588 1 848 533 872 550 1 828 488 855 507 1 785 458 810 477 1 723 447 746 463
263 ./data/voc_data/VOCdevkit/VOC2007/JPEGImages/000264.jpg 1280 720 0 746 110 796 312 1 652 450 675 466 1 616 479 638 494 1 619 522 643 540 1 662 562 688 579 1 735 578 762 596 1 800 560 826 582 1 830 521 855 542 1 815 483 840 500 1 769 452 793 468 1 712 440 733 455
264 ./data/voc_data/VOCdevkit/VOC2007/JPEGImages/000265.jpg 1280 720 0 713 106 761 298 1 629 444 647 458 1 590 474 614 489 1 587 517 611 533 1 632 552 655 571 1 701 572 726 589 1 769 554 794 570 1 802 515 826 533 1 786 476 809 490 1 743 446 766 459 1 683 434 707 449
265 ./data/voc_data/VOCdevkit/VOC2007/JPEGImages/000266.jpg 1280 720 0 791 150 844 351 1 686 484 706 500 1 648 515 675 533 1 650 564 675 582 1 696 605 723 624 1 770 625 796 644 1 836 607 861 626 1 869 565 892 584 1 854 524 875 539 1 808 490 831 505 1 745 477 768 491
266 ./data/voc_data/VOCdevkit/VOC2007/JPEGImages/000267.jpg 1280 720 0 836 148 899 354 1 726 485 750 502 1 689 517 712 534 1 689 562 714 579 1 742 606 765 625 1 817 627 842 644 1 886 609 910 631 1 910 567 934 588 1 895 526 920 544 1 844 492 869 507 1 783 476 807 492
267 ./data/voc_data/VOCdevkit/VOC2007/JPEGImages/000268.jpg 1280 720 0 825 146 883 343 1 714 479 738 497 1 678 514 703 530 1 680 558 705 576 1 730 601 754 619 1 804 620 829 638 1 869 603 894 623 1 901 565 927 584 1 884 517 908 537 1 835 486 858 501 1 771 472 794 487
268 ./data/voc_data/VOCdevkit/VOC2007/JPEGImages/000269.jpg 1280 720 0 823 139 884 343 1 712 479 737 493 1 677 510 699 527 1 679 556 703 576 1 724 598 748 617 1 796 617 822 638 1 866 599 892 620 1 896 560 919 579 1 883 518 906 537 1 833 486 855 501 1 770 473 793 488
269 ./data/voc_data/VOCdevkit/VOC2007/JPEGImages/000270.jpg 1280 720 0 725 139 771 345 1 633 478 655 495 1 595 513 617 526 1 593 557 617 575 1 633 598 659 617 1 707 613 732 632 1 777 597 801 615 1 807 560 832 577 1 795 515 823 533 1 752 484 777 502 1 691 470 717 487
270 ./data/voc_data/VOCdevkit/VOC2007/JPEGImages/000271.jpg 1280 720 0 695 141 740 339 1 611 479 631 492 1 570 510 591 528 1 564 555 589 572 1 606 594 635 613 1 679 611 703 631 1 749 594 773 616 1 783 558 807 576 1 771 512 798 531 1 731 483 750 497 1 669 472 690 484
271 ./data/voc_data/VOCdevkit/VOC2007/JPEGImages/000272.jpg 1280 720 0 647 138 684 341 1 572 477 595 494 1 531 510 553 525 1 523 555 547 573 1 564 595 590 615 1 632 611 661 631 1 707 598 733 615 1 741 555 766 572 1 734 510 755 530 1 692 479 714 497 1 629 468 652 484
272 ./data/voc_data/VOCdevkit/VOC2007/JPEGImages/000273.jpg 1280 720 0 618 138 658 335 1 552 476 571 490 1 506 510 530 526 1 502 555 526 570 1 538 593 566 613 1 609 609 634 629 1 680 595 706 612 1 717 552 745 572 1 710 511 735 528 1 668 477 692 495 1 610 467 633 483
273 ./data/voc_data/VOCdevkit/VOC2007/JPEGImages/000274.jpg 1280 720 1 516 476 536 490 1 470 507 494 523 1 464 554 488 571 1 500 594 524 613 1 569 608 593 629 1 642 592 666 613 1 680 552 703 570 1 674 509 699 528 1 636 481 657 493 1 576 466 598 482 0 572 139 609 339
274 ./data/voc_data/VOCdevkit/VOC2007/JPEGImages/000275.jpg 1280 720 0 554 136 594 337 1 505 476 526 490 1 460 510 481 523 1 452 552 477 568 1 487 592 513 609 1 558 607 582 626 1 629 592 654 609 1 666 553 691 570 1 662 509 686 525 1 622 475 645 493 1 567 464 588 479
275 ./data/voc_data/VOCdevkit/VOC2007/JPEGImages/000276.jpg 1280 720 0 602 138 643 338 1 542 474 562 488 1 498 506 520 521 1 489 551 513 570 1 526 593 552 610 1 594 609 623 627 1 667 590 691 610 1 708 552 731 570 1 699 509 723 524 1 658 475 681 493 1 598 467 622 481
276 ./data/voc_data/VOCdevkit/VOC2007/JPEGImages/000277.jpg 1280 720 0 639 138 680 339 1 569 477 590 490 1 524 508 549 525 1 521 552 545 571 1 558 595 580 612 1 628 611 654 629 1 697 593 724 612 1 736 553 759 572 1 727 513 751 529 1 686 481 707 496 1 625 468 647 484
277 ./data/voc_data/VOCdevkit/VOC2007/JPEGImages/000278.jpg 1280 720 1 580 478 601 489 1 535 509 562 523 1 532 553 558 571 1 572 596 595 614 1 644 613 667 631 1 711 596 739 615 1 749 557 771 573 1 742 513 766 531 1 699 480 721 495 1 642 468 660 484 0 657 140 695 337
278 ./data/voc_data/VOCdevkit/VOC2007/JPEGImages/000279.jpg 1280 720 0 689 137 735 335 1 610 470 630 484 1 567 499 591 514 1 563 544 589 562 1 601 584 625 603 1 672 604 696 622 1 740 586 766 604 1 777 546 802 565 1 768 506 795 525 1 724 473 747 489 1 666 462 690 476
279 ./data/voc_data/VOCdevkit/VOC2007/JPEGImages/000280.jpg 1280 720 0 718 131 760 330 1 630 469 651 481 1 588 501 612 515 1 585 544 608 560 1 623 584 647 601 1 699 602 723 621 1 765 587 788 607 1 801 549 826 570 1 788 505 815 523 1 746 476 769 492 1 689 463 709 477
280 ./data/voc_data/VOCdevkit/VOC2007/JPEGImages/000281.jpg 1280 720 0 766 138 818 338 1 668 475 690 492 1 630 506 655 523 1 627 551 653 568 1 671 592 695 609 1 744 610 770 630 1 813 595 837 614 1 846 556 873 575 1 832 512 858 529 1 787 479 809 494 1 728 467 748 483
281 ./data/voc_data/VOCdevkit/VOC2007/JPEGImages/000282.jpg 1280 720 0 780 135 831 343 1 677 476 703 493 1 643 510 667 526 1 641 551 666 572 1 685 594 711 614 1 756 613 782 631 1 826 594 855 613 1 859 560 886 577 1 845 516 867 531 1 798 481 821 498 1 736 470 760 484
282 ./data/voc_data/VOCdevkit/VOC2007/JPEGImages/000283.jpg 1280 720 0 805 145 864 346 1 697 482 719 494 1 660 516 685 528 1 659 559 687 574 1 706 598 730 619 1 779 620 804 638 1 851 604 874 622 1 881 563 906 582 1 865 520 891 538 1 817 488 839 501 1 756 475 777 487
283 ./data/voc_data/VOCdevkit/VOC2007/JPEGImages/000284.jpg 1280 720 0 810 148 868 348 1 702 482 725 497 1 665 515 690 532 1 666 560 691 577 1 712 600 739 622 1 786 622 814 638 1 852 603 880 625 1 885 564 914 584 1 867 519 893 539 1 821 490 844 503 1 758 478 783 490
284 ./data/voc_data/VOCdevkit/VOC2007/JPEGImages/000285.jpg 1280 720 0 744 141 797 338 1 654 477 672 492 1 612 507 636 525 1 610 552 637 572 1 655 593 681 614 1 727 613 754 632 1 795 595 823 614 1 831 555 852 574 1 816 513 838 529 1 772 479 793 496 1 711 467 732 483
285 ./data/voc_data/VOCdevkit/VOC2007/JPEGImages/000286.jpg 1280 720 0 684 133 727 330 1 605 472 622 485 1 561 502 586 518 1 559 546 585 563 1 598 586 623 603 1 668 605 692 622 1 740 585 765 607 1 775 546 797 566 1 763 507 787 524 1 719 473 746 488 1 661 463 683 477
286 ./data/voc_data/VOCdevkit/VOC2007/JPEGImages/000287.jpg 1280 720 0 665 132 706 330 1 589 466 610 483 1 546 498 571 515 1 543 542 566 559 1 584 581 606 603 1 654 602 678 616 1 722 584 746 602 1 757 545 781 562 1 748 502 773 519 1 708 471 731 488 1 650 460 672 476
287 ./data/voc_data/VOCdevkit/VOC2007/JPEGImages/000288.jpg 1280 720 0 630 124 665 324 1 560 461 581 477 1 517 492 540 508 1 509 535 533 551 1 549 574 573 595 1 618 592 642 608 1 689 577 710 592 1 726 538 748 556 1 717 496 741 512 1 678 464 700 480 1 620 454 642 467
288 ./data/voc_data/VOCdevkit/VOC2007/JPEGImages/000289.jpg 1280 720 0 588 120 625 318 1 531 458 553 472 1 486 488 509 503 1 479 531 502 547 1 512 570 539 588 1 582 584 605 601 1 654 571 678 586 1 690 534 713 550 1 686 491 708 505 1 646 461 670 475 1 589 450 612 464
289 ./data/voc_data/VOCdevkit/VOC2007/JPEGImages/000290.jpg 1280 720 0 568 118 606 316 1 519 452 539 466 1 473 485 497 498 1 465 527 488 542 1 495 565 526 582 1 564 578 592 598 1 636 564 661 583 1 677 528 698 544 1 674 487 695 502 1 633 455 657 470 1 572 443 600 459
290 ./data/voc_data/VOCdevkit/VOC2007/JPEGImages/000291.jpg 1280 720 0 618 110 654 313 1 551 451 573 469 1 510 484 538 500 1 502 528 528 546 1 539 564 566 584 1 606 578 634 598 1 677 565 705 584 1 712 527 739 545 1 709 486 735 505 1 670 455 693 472 1 609 443 634 460
291 ./data/voc_data/VOCdevkit/VOC2007/JPEGImages/000292.jpg 1280 720 0 656 120 695 316 1 581 453 605 470 1 538 483 560 500 1 533 528 556 543 1 571 566 594 584 1 641 580 666 598 1 708 567 735 586 1 746 527 771 547 1 737 487 765 504 1 697 455 723 472 1 640 446 662 460
292 ./data/voc_data/VOCdevkit/VOC2007/JPEGImages/000293.jpg 1280 720 0 709 121 750 320 1 624 456 646 473 1 582 483 608 501 1 579 528 605 545 1 615 567 644 586 1 685 584 713 605 1 754 569 781 589 1 792 533 817 553 1 784 491 807 510 1 741 460 764 476 1 679 447 703 464
293 ./data/voc_data/VOCdevkit/VOC2007/JPEGImages/000294.jpg 1280 720 0 751 126 800 329 1 658 462 680 479 1 619 493 643 509 1 617 536 640 553 1 659 575 685 594 1 723 591 754 611 1 798 575 825 599 1 833 542 859 561 1 820 497 843 517 1 775 466 798 482 1 714 453 736 471
294 ./data/voc_data/VOCdevkit/VOC2007/JPEGImages/000295.jpg 1280 720 0 774 130 827 330 1 676 466 698 481 1 638 497 661 511 1 636 541 664 558 1 681 583 706 600 1 753 599 777 620 1 820 583 846 604 1 855 547 878 565 1 839 504 863 521 1 793 469 819 486 1 731 457 755 473
295 ./data/voc_data/VOCdevkit/VOC2007/JPEGImages/000296.jpg 1280 720 0 795 134 850 335 1 691 470 715 487 1 651 502 677 517 1 655 545 683 562 1 696 587 725 604 1 769 606 796 626 1 839 590 864 609 1 870 553 892 569 1 857 510 878 526 1 809 476 832 490 1 749 464 772 477
296 ./data/voc_data/VOCdevkit/VOC2007/JPEGImages/000297.jpg 1280 720 0 769 132 818 334 1 671 469 692 485 1 632 501 654 515 1 632 543 655 560 1 674 583 699 604 1 744 602 770 619 1 814 587 841 607 1 848 550 870 568 1 833 507 860 524 1 790 474 813 489 1 728 461 749 476
297 ./data/voc_data/VOCdevkit/VOC2007/JPEGImages/000298.jpg 1280 720 0 727 130 770 322 1 638 463 660 478 1 595 492 621 509 1 594 537 617 554 1 635 577 662 596 1 706 594 734 614 1 774 578 801 598 1 811 539 837 561 1 798 499 823 517 1 755 468 778 484 1 696 452 716 469
298 ./data/voc_data/VOCdevkit/VOC2007/JPEGImages/000299.jpg 1280 720 0 681 121 720 320 1 602 457 622 472 1 559 487 582 502 1 554 531 579 548 1 592 570 620 586 1 665 587 690 607 1 732 572 758 589 1 768 532 792 554 1 761 492 784 509 1 718 460 742 477 1 658 446 682 465
299 ./data/voc_data/VOCdevkit/VOC2007/JPEGImages/000300.jpg 1280 720 0 626 112 662 307 1 558 446 582 463 1 515 476 540 493 1 508 520 531 535 1 542 558 569 577 1 612 573 639 591 1 681 559 704 577 1 719 522 746 542 1 714 481 740 497 1 675 449 698 465 1 615 439 640 455
